100 0.2641
120 0.2651
140 0.2572
160 0.2470
180 0.2379
200 0.2314
220 0.2298
240 0.2332
260 0.2339
280 0.2345
300 0.2330
320 0.2311
340 0.2255
360 0.2263
380 0.2242
400 0.2252
420 0.2231
440 0.2243
460 0.2215
480 0.2208
500 0.2205
520 0.2230
540 0.2239
560 0.2258
580 0.2274
600 0.2253
620 0.2218
640 0.2211
660 0.2202
680 0.2179
700 0.2168
720 0.2165
740 0.2154
760 0.2146
780 0.2146
800 0.2151
820 0.2146
840 0.2150
860 0.2122
880 0.2125
900 0.2138
920 0.2155
940 0.2181
960 0.2196
980 0.2189
1000 0.2183
1020 0.2161
1040 0.2101
1060 0.2085
1080 0.2096
1100 0.2087
1120 0.2074
1140 0.2066
1160 0.2050
1180 0.2002
1200 0.1993
1220 0.1996
1240 0.2009
1260 0.2029
1280 0.2088
1300 0.2108
1320 0.2138
1340 0.2165
1360 0.2164
1380 0.2166
1400 0.2180
1420 0.2175
1440 0.2189
1460 0.2212
1480 0.2200
1500 0.2198
1520 0.2196
1540 0.2179
1560 0.2156
1580 0.2156
1600 0.2137
1620 0.2116
1640 0.2103
1660 0.2097
1680 0.2099
1700 0.2105
1720 0.2146
1740 0.2173
1760 0.2184
1780 0.2176
1800 0.2178
1820 0.2155
1840 0.2160
1860 0.2178
1880 0.2198
1900 0.2243
1920 0.2277
1940 0.2300
1960 0.2277
1980 0.2285
2000 0.2251
