100 0.2857
120 0.2964
140 0.3027
160 0.3078
180 0.3083
200 0.3093
220 0.3129
240 0.3140
260 0.3129
280 0.3155
300 0.3154
320 0.3153
340 0.3148
360 0.3169
380 0.3146
400 0.3143
420 0.3125
440 0.3129
460 0.3124
480 0.3138
500 0.3175
520 0.3204
540 0.3201
560 0.3187
580 0.3164
600 0.3106
620 0.3106
640 0.3109
660 0.3130
680 0.3160
700 0.3216
720 0.3192
740 0.3183
760 0.3165
780 0.3196
800 0.3177
820 0.3175
840 0.3217
860 0.3255
880 0.3241
900 0.3256
920 0.3258
940 0.3238
960 0.3200
980 0.3211
1000 0.3205
1020 0.3236
1040 0.3253
1060 0.3288
1080 0.3286
1100 0.3270
1120 0.3224
1140 0.3205
1160 0.3198
1180 0.3206
1200 0.3255
1220 0.3306
1240 0.3315
1260 0.3312
1280 0.3317
1300 0.3282
1320 0.3240
1340 0.3250
1360 0.3238
1380 0.3222
1400 0.3249
1420 0.3286
1440 0.3290
1460 0.3340
1480 0.3345
1500 0.3357
1520 0.3383
1540 0.3381
1560 0.3349
1580 0.3341
1600 0.3319
1620 0.3307
1640 0.3310
1660 0.3308
1680 0.3333
1700 0.3325
1720 0.3320
1740 0.3310
1760 0.3330
1780 0.3306
1800 0.3306
1820 0.3272
1840 0.3273
1860 0.3253
1880 0.3231
1900 0.3247
1920 0.3262
1940 0.3249
1960 0.3216
1980 0.3204
2000 0.3170
