100 0.2908
120 0.3043
140 0.3082
160 0.3133
180 0.3150
200 0.3179
220 0.3236
240 0.3304
260 0.3330
280 0.3375
300 0.3427
320 0.3441
340 0.3451
360 0.3445
380 0.3458
400 0.3456
420 0.3458
440 0.3453
460 0.3463
480 0.3455
500 0.3448
520 0.3436
540 0.3481
560 0.3509
580 0.3561
600 0.3623
620 0.3653
640 0.3676
660 0.3696
680 0.3704
700 0.3713
720 0.3737
740 0.3710
760 0.3720
780 0.3749
800 0.3790
820 0.3855
840 0.3933
860 0.3960
880 0.3964
900 0.3928
920 0.3900
940 0.3847
960 0.3825
980 0.3810
1000 0.3833
1020 0.3841
1040 0.3880
1060 0.3908
1080 0.3925
1100 0.3921
1120 0.3934
1140 0.3923
1160 0.3935
1180 0.3968
1200 0.3980
1220 0.3942
1240 0.3916
1260 0.3868
1280 0.3825
1300 0.3777
1320 0.3784
1340 0.3812
1360 0.3838
1380 0.3863
1400 0.3914
1420 0.3909
1440 0.3925
1460 0.3979
1480 0.4053
1500 0.4083
1520 0.4127
1540 0.4119
1560 0.4082
1580 0.4040
1600 0.4073
1620 0.4146
1640 0.4198
1660 0.4242
1680 0.4251
1700 0.4234
1720 0.4161
1740 0.4149
1760 0.4141
1780 0.4164
1800 0.4153
1820 0.4187
1840 0.4161
1860 0.4168
1880 0.4144
1900 0.4128
1920 0.4118
1940 0.4138
1960 0.4179
1980 0.4198
2000 0.4234
