100 0.2721
120 0.2791
140 0.2787
160 0.2817
180 0.2811
200 0.2812
220 0.2805
240 0.2794
260 0.2748
280 0.2754
300 0.2761
320 0.2781
340 0.2797
360 0.2843
380 0.2845
400 0.2883
420 0.2924
440 0.2940
460 0.2969
480 0.3020
500 0.3047
520 0.3035
540 0.3023
560 0.3009
580 0.2956
600 0.2865
620 0.2832
640 0.2805
660 0.2770
680 0.2769
700 0.2806
720 0.2796
740 0.2814
760 0.2813
780 0.2833
800 0.2838
820 0.2867
840 0.2891
860 0.2879
880 0.2860
900 0.2831
920 0.2783
940 0.2738
960 0.2719
980 0.2698
1000 0.2704
1020 0.2746
1040 0.2771
1060 0.2816
1080 0.2843
1100 0.2850
1120 0.2802
1140 0.2783
1160 0.2781
1180 0.2771
1200 0.2786
1220 0.2810
1240 0.2832
1260 0.2786
1280 0.2722
1300 0.2665
1320 0.2626
1340 0.2562
1360 0.2555
1380 0.2580
1400 0.2590
1420 0.2597
1440 0.2611
1460 0.2599
1480 0.2597
1500 0.2589
1520 0.2600
1540 0.2643
1560 0.2693
1580 0.2683
1600 0.2671
1620 0.2637
1640 0.2611
1660 0.2598
1680 0.2628
1700 0.2645
1720 0.2656
1740 0.2655
1760 0.2641
1780 0.2655
1800 0.2686
1820 0.2699
1840 0.2709
1860 0.2780
1880 0.2780
1900 0.2794
1920 0.2812
1940 0.2845
1960 0.2845
1980 0.2873
2000 0.2886
