100 0.3014
120 0.3217
140 0.3377
160 0.3500
180 0.3608
200 0.3726
220 0.3820
240 0.3903
260 0.3933
280 0.3994
300 0.4092
320 0.4156
340 0.4193
360 0.4294
380 0.4318
400 0.4326
420 0.4335
440 0.4371
460 0.4380
480 0.4427
500 0.4485
520 0.4543
540 0.4601
560 0.4646
580 0.4688
600 0.4716
620 0.4766
640 0.4828
660 0.4917
680 0.5014
700 0.5073
720 0.5135
740 0.5164
760 0.5151
780 0.5088
800 0.5028
820 0.4978
840 0.4949
860 0.4951
880 0.4996
900 0.5061
920 0.5096
940 0.5113
960 0.5103
980 0.5094
1000 0.5113
1020 0.5132
1040 0.5193
1060 0.5260
1080 0.5327
1100 0.5405
1120 0.5439
1140 0.5458
1160 0.5446
1180 0.5448
1200 0.5433
1220 0.5470
1240 0.5485
1260 0.5540
1280 0.5585
1300 0.5605
1320 0.5602
1340 0.5622
1360 0.5622
1380 0.5634
1400 0.5678
1420 0.5753
1440 0.5792
1460 0.5836
1480 0.5896
1500 0.5914
1520 0.5899
1540 0.5933
1560 0.5950
1580 0.5957
1600 0.5962
1620 0.5976
1640 0.5947
1660 0.5941
1680 0.5920
1700 0.5918
1720 0.5901
1740 0.5888
1760 0.5910
1780 0.5935
1800 0.5947
1820 0.5978
1840 0.6018
1860 0.6028
1880 0.6007
1900 0.6012
1920 0.6026
1940 0.6076
1960 0.6120
1980 0.6187
2000 0.6242
