0.000 0.0000
0.100 0.0008
0.200 0.0057
0.300 0.0180
0.400 0.0396
0.500 0.0718
0.600 0.1150
0.700 0.1691
0.800 0.2338
0.900 0.3079
1.000 0.3902
1.100 0.4794
1.200 0.5737
1.300 0.6714
1.400 0.7708
1.500 0.8700
1.600 0.9672
1.700 1.0609
1.800 1.1494
1.900 1.2314
2.000 1.3055
2.100 1.3709
2.200 1.4269
2.300 1.4733
2.400 1.5102
2.500 1.5378
2.600 1.5565
2.700 1.5667
2.800 1.5690
2.900 1.5641
3.000 1.5527
3.100 1.5353
3.200 1.5126
3.300 1.4853
3.400 1.4540
3.500 1.4193
3.600 1.3816
3.700 1.3416
3.800 1.2998
3.900 1.2564
4.000 1.2120
4.100 1.1670
4.200 1.1218
4.300 1.0771
4.400 1.0335
4.500 0.9915
4.600 0.9519
4.700 0.9151
4.800 0.8816
4.900 0.8519
5.000 0.8264
5.100 0.8053
5.200 0.7888
5.300 0.7771
5.400 0.7700
5.500 0.7677
5.600 0.7699
5.700 0.7764
5.800 0.7868
5.900 0.8009
6.000 0.8182
6.100 0.8382
6.200 0.8605
6.300 0.8846
6.400 0.9098
6.500 0.9358
6.600 0.9619
6.700 0.9877
6.800 1.0127
6.900 1.0364
7.000 1.0585
7.100 1.0787
7.200 1.0965
7.300 1.1117
7.400 1.1243
7.500 1.1340
7.600 1.1407
7.700 1.1446
7.800 1.1455
7.900 1.1437
8.000 1.1392
8.100 1.1323
8.200 1.1231
8.300 1.1120
8.400 1.0992
8.500 1.0851
8.600 1.0699
8.700 1.0540
8.800 1.0377
8.900 1.0214
9.000 1.0053
9.100 0.9898
9.200 0.9750
9.300 0.9614
9.400 0.9490
9.500 0.9381
9.600 0.9288
9.700 0.9212
9.800 0.9154
9.900 0.9115
10.000 0.9094
10.100 0.9090
10.200 0.9104
10.300 0.9135
10.400 0.9181
10.500 0.9240
10.600 0.9311
10.700 0.9392
10.800 0.9482
10.900 0.9578
11.000 0.9678
11.100 0.9780
11.200 0.9882
11.300 0.9982
11.400 1.0078
11.500 1.0170
11.600 1.0254
11.700 1.0330
11.800 1.0397
11.900 1.0453
12.000 1.0499
12.100 1.0533
12.200 1.0556
12.300 1.0568
12.400 1.0568
12.500 1.0558
12.600 1.0537
12.700 1.0507
12.800 1.0469
12.900 1.0424
13.000 1.0372
13.100 1.0315
13.200 1.0255
13.300 1.0192
13.400 1.0128
13.500 1.0064
13.600 1.0002
13.700 0.9942
13.800 0.9886
13.900 0.9834
14.000 0.9787
14.100 0.9746
14.200 0.9712
14.300 0.9684
14.400 0.9664
14.500 0.9650
14.600 0.9644
14.700 0.9645
14.800 0.9653
14.900 0.9666
15.000 0.9686
15.100 0.9711
15.200 0.9740
15.300 0.9773
15.400 0.9809
15.500 0.9847
15.600 0.9886
15.700 0.9926
15.800 0.9966
15.900 1.0005
16.000 1.0042
16.100 1.0077
16.200 1.0109
16.300 1.0137
16.400 1.0162
16.500 1.0183
16.600 1.0200
16.700 1.0212
16.800 1.0220
16.900 1.0223
17.000 1.0222
17.100 1.0216
17.200 1.0207
17.300 1.0194
17.400 1.0178
17.500 1.0160
17.600 1.0139
17.700 1.0116
17.800 1.0092
17.900 1.0067
18.000 1.0042
18.100 1.0018
18.200 0.9993
18.300 0.9970
18.400 0.9949
18.500 0.9929
18.600 0.9912
18.700 0.9896
18.800 0.9884
18.900 0.9874
19.000 0.9867
19.100 0.9862
19.200 0.9861
19.300 0.9862
19.400 0.9865
19.500 0.9872
19.600 0.9880
19.700 0.9890
19.800 0.9902
19.900 0.9915
20.000 0.9930
20.100 0.9945
20.200 0.9960
20.300 0.9976
20.400 0.9991
20.500 1.0006
20.600 1.0021
20.700 1.0034
20.800 1.0046
20.900 1.0057
21.000 1.0066
21.100 1.0074
21.200 1.0080
21.300 1.0084
21.400 1.0086
21.500 1.0087
21.600 1.0086
21.700 1.0084
21.800 1.0080
21.900 1.0074
22.000 1.0068
22.100 1.0060
22.200 1.0052
22.300 1.0043
22.400 1.0033
22.500 1.0023
22.600 1.0014
22.700 1.0004
22.800 0.9995
22.900 0.9986
23.000 0.9978
23.100 0.9970
23.200 0.9963
23.300 0.9958
23.400 0.9953
23.500 0.9950
23.600 0.9947
23.700 0.9946
23.800 0.9946
23.900 0.9946
24.000 0.9948
24.100 0.9951
24.200 0.9954
24.300 0.9958
24.400 0.9963
24.500 0.9969
24.600 0.9974
24.700 0.9980
24.800 0.9986
24.900 0.9992
25.000 0.9998
25.100 1.0004
25.200 1.0010
25.300 1.0015
25.400 1.0019
25.500 1.0023
25.600 1.0027
25.700 1.0030
25.800 1.0032
25.900 1.0033
26.000 1.0034
26.100 1.0034
26.200 1.0033
26.300 1.0032
26.400 1.0031
26.500 1.0028
26.600 1.0026
26.700 1.0023
26.800 1.0019
26.900 1.0016
27.000 1.0012
27.100 1.0008
27.200 1.0004
27.300 1.0000
27.400 0.9997
27.500 0.9993
27.600 0.9990
27.700 0.9987
27.800 0.9985
27.900 0.9983
28.000 0.9981
28.100 0.9980
28.200 0.9979
28.300 0.9979
28.400 0.9979
28.500 0.9979
28.600 0.9980
28.700 0.9981
28.800 0.9983
28.900 0.9984
29.000 0.9986
29.100 0.9988
29.200 0.9991
29.300 0.9993
29.400 0.9995
29.500 0.9998
29.600 1.0000
29.700 1.0002
29.800 1.0004
29.900 1.0006
30.000 1.0008
30.100 1.0010
30.200 1.0011
30.300 1.0012
30.400 1.0013
30.500 1.0013
30.600 1.0013
30.700 1.0013
30.800 1.0013
30.900 1.0012
31.000 1.0012
31.100 1.0011
31.200 1.0010
31.300 1.0008
31.400 1.0007
31.500 1.0006
31.600 1.0004
31.700 1.0003
31.800 1.0001
31.900 1.0000
32.000 0.9998
32.100 0.9997
32.200 0.9996
32.300 0.9995
32.400 0.9994
32.500 0.9993
32.600 0.9992
32.700 0.9992
32.800 0.9992
32.900 0.9992
33.000 0.9992
33.100 0.9992
33.200 0.9992
33.300 0.9993
33.400 0.9993
33.500 0.9994
33.600 0.9995
33.700 0.9996
33.800 0.9997
33.900 0.9998
34.000 0.9998
34.100 0.9999
34.200 1.0000
34.300 1.0001
34.400 1.0002
34.500 1.0003
34.600 1.0003
34.700 1.0004
34.800 1.0004
34.900 1.0005
35.000 1.0005
35.100 1.0005
35.200 1.0005
35.300 1.0005
35.400 1.0005
35.500 1.0005
35.600 1.0004
35.700 1.0004
35.800 1.0004
35.900 1.0003
36.000 1.0003
36.100 1.0002
36.200 1.0001
36.300 1.0001
36.400 1.0000
36.500 1.0000
36.600 0.9999
36.700 0.9999
36.800 0.9998
36.900 0.9998
37.000 0.9998
37.100 0.9997
37.200 0.9997
37.300 0.9997
37.400 0.9997
37.500 0.9997
37.600 0.9997
37.700 0.9997
37.800 0.9997
37.900 0.9997
38.000 0.9997
38.100 0.9998
38.200 0.9998
38.300 0.9998
38.400 0.9999
38.500 0.9999
38.600 1.0000
38.700 1.0000
38.800 1.0000
38.900 1.0001
39.000 1.0001
39.100 1.0001
39.200 1.0001
39.300 1.0002
39.400 1.0002
39.500 1.0002
39.600 1.0002
39.700 1.0002
39.800 1.0002
39.900 1.0002
