0.000 0.0000
0.100 0.0020
0.200 0.0149
0.300 0.0467
0.400 0.1026
0.500 0.1851
0.600 0.2949
0.700 0.4306
0.800 0.5890
0.900 0.7657
1.000 0.9549
1.100 1.1501
1.200 1.3443
1.300 1.5317
1.400 1.7079
1.500 1.8699
1.600 2.0156
1.700 2.1438
1.800 2.2540
1.900 2.3460
2.000 2.4202
2.100 2.4772
2.200 2.5179
2.300 2.5433
2.400 2.5546
2.500 2.5529
2.600 2.5394
2.700 2.5153
2.800 2.4819
2.900 2.4402
3.000 2.3913
3.100 2.3364
3.200 2.2762
3.300 2.2119
3.400 2.1441
3.500 2.0737
3.600 2.0013
3.700 1.9276
3.800 1.8531
3.900 1.7783
4.000 1.7037
4.100 1.6296
4.200 1.5565
4.300 1.4845
4.400 1.4139
4.500 1.3450
4.600 1.2778
4.700 1.2126
4.800 1.1495
4.900 1.0885
5.000 1.0297
5.100 0.9735
5.200 0.9206
5.300 0.8721
5.400 0.8293
5.500 0.7936
5.600 0.7660
5.700 0.7478
5.800 0.7397
5.900 0.7421
6.000 0.7552
6.100 0.7786
6.200 0.8118
6.300 0.8535
6.400 0.9024
6.500 0.9568
6.600 1.0145
6.700 1.0734
6.800 1.1312
6.900 1.1857
7.000 1.2353
7.100 1.2791
7.200 1.3163
7.300 1.3465
7.400 1.3696
7.500 1.3857
7.600 1.3950
7.700 1.3979
7.800 1.3946
7.900 1.3857
8.000 1.3717
8.100 1.3530
8.200 1.3302
8.300 1.3038
8.400 1.2743
8.500 1.2421
8.600 1.2077
8.700 1.1714
8.800 1.1337
8.900 1.0950
9.000 1.0555
9.100 1.0156
9.200 0.9762
9.300 0.9381
9.400 0.9025
9.500 0.8705
9.600 0.8434
9.700 0.8221
9.800 0.8077
9.900 0.8007
10.000 0.8016
10.100 0.8106
10.200 0.8275
10.300 0.8518
10.400 0.8829
10.500 0.9196
10.600 0.9606
10.700 1.0044
10.800 1.0494
10.900 1.0938
11.000 1.1357
11.100 1.1739
11.200 1.2072
11.300 1.2352
11.400 1.2573
11.500 1.2734
11.600 1.2836
11.700 1.2881
11.800 1.2871
11.900 1.2809
12.000 1.2700
12.100 1.2547
12.200 1.2356
12.300 1.2129
12.400 1.1872
12.500 1.1589
12.600 1.1283
12.700 1.0959
12.800 1.0621
12.900 1.0271
13.000 0.9918
13.100 0.9571
13.200 0.9239
13.300 0.8934
13.400 0.8667
13.500 0.8450
13.600 0.8290
13.700 0.8195
13.800 0.8171
13.900 0.8220
14.000 0.8343
14.100 0.8536
14.200 0.8793
14.300 0.9107
14.400 0.9466
14.500 0.9857
14.600 1.0265
14.700 1.0675
14.800 1.1070
14.900 1.1436
15.000 1.1760
15.100 1.2035
15.200 1.2257
15.300 1.2422
15.400 1.2531
15.500 1.2585
15.600 1.2585
15.700 1.2535
15.800 1.2439
15.900 1.2299
16.000 1.2121
16.100 1.1907
16.200 1.1664
16.300 1.1393
16.400 1.1101
16.500 1.0789
16.600 1.0462
16.700 1.0126
16.800 0.9788
16.900 0.9458
17.000 0.9146
17.100 0.8865
17.200 0.8624
17.300 0.8434
17.400 0.8302
17.500 0.8236
17.600 0.8239
17.700 0.8313
17.800 0.8457
17.900 0.8668
18.000 0.8938
18.100 0.9260
18.200 0.9620
18.300 1.0006
18.400 1.0404
18.500 1.0798
18.600 1.1171
18.700 1.1511
18.800 1.1807
18.900 1.2053
19.000 1.2246
19.100 1.2383
19.200 1.2465
19.300 1.2493
19.400 1.2470
19.500 1.2399
19.600 1.2284
19.700 1.2127
19.800 1.1935
19.900 1.1709
20.000 1.1456
20.100 1.1177
20.200 1.0878
20.300 1.0562
20.400 1.0234
20.500 0.9901
20.600 0.9572
20.700 0.9257
20.800 0.8968
20.900 0.8716
21.000 0.8510
21.100 0.8359
21.200 0.8271
21.300 0.8251
21.400 0.8300
21.500 0.8420
21.600 0.8606
21.700 0.8854
21.800 0.9155
21.900 0.9500
22.000 0.9874
22.100 1.0265
22.200 1.0657
22.300 1.1034
22.400 1.1383
22.500 1.1691
22.600 1.1951
22.700 1.2158
22.800 1.2312
22.900 1.2410
23.000 1.2454
23.100 1.2447
23.200 1.2390
23.300 1.2289
23.400 1.2145
23.500 1.1964
23.600 1.1749
23.700 1.1504
23.800 1.1234
23.900 1.0942
24.000 1.0632
24.100 1.0308
24.200 0.9978
24.300 0.9648
24.400 0.9331
24.500 0.9037
24.600 0.8776
24.700 0.8560
24.800 0.8396
24.900 0.8294
25.000 0.8257
25.100 0.8290
25.200 0.8393
25.300 0.8563
25.400 0.8797
25.500 0.9085
25.600 0.9419
25.700 0.9786
25.800 1.0172
25.900 1.0564
26.000 1.0944
26.100 1.1299
26.200 1.1615
26.300 1.1885
26.400 1.2105
26.500 1.2269
26.600 1.2380
26.700 1.2436
26.800 1.2439
26.900 1.2394
27.000 1.2302
27.100 1.2167
27.200 1.1994
27.300 1.1787
27.400 1.1549
27.500 1.1284
27.600 1.0997
27.700 1.0691
27.800 1.0371
27.900 1.0041
28.000 0.9712
28.100 0.9392
28.200 0.9093
28.300 0.8826
28.400 0.8600
28.500 0.8426
28.600 0.8312
28.700 0.8262
28.800 0.8281
28.900 0.8371
29.000 0.8528
29.100 0.8749
29.200 0.9027
29.300 0.9352
29.400 0.9713
29.500 1.0097
29.600 1.0487
29.700 1.0870
29.800 1.1230
29.900 1.1555
30.000 1.1834
30.100 1.2063
30.200 1.2238
30.300 1.2358
30.400 1.2424
30.500 1.2438
30.600 1.2401
30.700 1.2317
30.800 1.2191
30.900 1.2025
31.000 1.1824
31.100 1.1591
31.200 1.1332
31.300 1.1049
31.400 1.0746
31.500 1.0428
31.600 1.0100
31.700 0.9770
31.800 0.9448
31.900 0.9145
32.000 0.8871
32.100 0.8638
32.200 0.8454
32.300 0.8328
32.400 0.8267
32.500 0.8274
32.600 0.8351
32.700 0.8496
32.800 0.8706
32.900 0.8974
33.000 0.9292
33.100 0.9647
33.200 1.0027
33.300 1.0418
33.400 1.0803
33.500 1.1168
33.600 1.1499
33.700 1.1786
33.800 1.2024
33.900 1.2209
34.000 1.2339
34.100 1.2414
34.200 1.2437
34.300 1.2409
34.400 1.2334
34.500 1.2214
34.600 1.2055
34.700 1.1860
34.800 1.1633
34.900 1.1378
35.000 1.1099
35.100 1.0799
35.200 1.0484
35.300 1.0157
35.400 0.9827
35.500 0.9503
35.600 0.9196
35.700 0.8916
35.800 0.8675
35.900 0.8482
36.000 0.8346
36.100 0.8273
36.200 0.8268
36.300 0.8333
36.400 0.8467
36.500 0.8666
36.600 0.8925
36.700 0.9234
36.800 0.9584
36.900 0.9960
37.000 1.0350
37.100 1.0737
37.200 1.1107
37.300 1.1444
37.400 1.1740
37.500 1.1986
37.600 1.2180
37.700 1.2320
37.800 1.2405
37.900 1.2436
38.000 1.2417
38.100 1.2349
38.200 1.2237
38.300 1.2084
38.400 1.1895
38.500 1.1673
38.600 1.1423
38.700 1.1147
38.800 1.0851
38.900 1.0538
39.000 1.0213
39.100 0.9883
39.200 0.9557
39.300 0.9246
39.400 0.8961
39.500 0.8713
39.600 0.8511
39.700 0.8365
39.800 0.8281
39.900 0.8264
