-0.0300 1.0000
0.0000 1.0000
0.0001 0.9945
0.0021 0.8845
0.0041 0.7745
0.0061 0.6645
0.0081 0.5545
0.0101 0.4445
0.0121 0.3345
0.0141 0.2245
0.0161 0.1145
0.0181 0.0045
0.0201 -0.1055
0.0221 -0.2155
0.0241 -0.3255
0.0261 -0.4355
0.0281 -0.5455
0.0301 -0.6555
0.0321 -0.7591
0.0341 -0.8507
0.0361 -0.9301
0.0381 -0.9975
0.0401 -1.0527
0.0421 -1.0959
0.0441 -1.1269
0.0461 -1.1459
0.0481 -1.1527
0.0501 -1.1475
0.0521 -1.1301
0.0541 -1.1007
0.0561 -1.0591
0.0581 -1.0055
0.0601 -0.9397
0.0621 -0.8621
0.0641 -0.7737
0.0661 -0.6758
0.0681 -0.5699
0.0701 -0.4572
0.0721 -0.3390
0.0741 -0.2167
0.0761 -0.0917
0.0781 0.0348
0.0801 0.1615
0.0821 0.2869
0.0841 0.4098
0.0861 0.5288
0.0881 0.6426
0.0901 0.7499
0.0921 0.8493
0.0941 0.9396
0.0961 1.0197
0.0981 1.0886
0.1001 1.1454
0.1021 1.1896
0.1041 1.2205
0.1061 1.2378
0.1081 1.2413
0.1101 1.2309
0.1121 1.2065
0.1141 1.1685
0.1161 1.1172
0.1181 1.0530
0.1201 0.9767
0.1221 0.8889
0.1241 0.7907
0.1261 0.6830
0.1281 0.5671
0.1301 0.4443
0.1321 0.3159
0.1341 0.1833
0.1361 0.0480
0.1381 -0.0885
0.1401 -0.2246
0.1421 -0.3588
0.1441 -0.4897
0.1461 -0.6157
0.1481 -0.7353
0.1501 -0.8473
0.1521 -0.9502
0.1541 -1.0429
0.1561 -1.1244
0.1581 -1.1935
0.1601 -1.2495
0.1621 -1.2918
0.1641 -1.3196
0.1661 -1.3327
0.1681 -1.3309
0.1701 -1.3140
0.1721 -1.2823
0.1741 -1.2359
0.1761 -1.1754
0.1781 -1.1014
0.1801 -1.0146
0.1821 -0.9159
0.1841 -0.8065
0.1861 -0.6874
0.1881 -0.5600
0.1901 -0.4256
0.1921 -0.2858
0.1941 -0.1422
0.1961 0.0038
0.1981 0.1505
0.2001 0.2961
0.2021 0.4391
0.2041 0.5779
0.2061 0.7108
0.2081 0.8364
0.2101 0.9531
0.2121 1.0596
0.2141 1.1548
0.2161 1.2373
0.2181 1.3064
0.2201 1.3610
0.2221 1.4006
0.2241 1.4245
0.2261 1.4325
0.2281 1.4245
0.2301 1.4003
0.2321 1.3602
0.2341 1.3046
0.2361 1.2340
0.2381 1.1492
0.2401 1.0510
0.2421 0.9405
0.2441 0.8189
0.2461 0.6874
0.2481 0.5476
0.2501 0.4009
0.2521 0.2490
0.2541 0.0935
0.2561 -0.0638
0.2581 -0.2211
0.2601 -0.3766
0.2621 -0.5287
0.2641 -0.6756
0.2661 -0.8155
0.2681 -0.9470
0.2701 -1.0684
0.2721 -1.1783
0.2741 -1.2755
0.2761 -1.3588
0.2781 -1.4272
0.2801 -1.4798
0.2821 -1.5160
0.2841 -1.5353
0.2861 -1.5374
0.2881 -1.5221
0.2901 -1.4897
0.2921 -1.4402
0.2941 -1.3743
0.2961 -1.2927
0.2981 -1.1960
0.3001 -1.0854
0.3021 -0.9620
0.3041 -0.8272
0.3061 -0.6824
0.3081 -0.5292
0.3101 -0.3693
0.3121 -0.2045
0.3141 -0.0366
0.3161 0.1326
0.3181 0.3010
0.3201 0.4669
0.3221 0.6284
0.3241 0.7835
0.3261 0.9305
0.3281 1.0678
0.3301 1.1937
0.3321 1.3068
0.3341 1.4056
0.3361 1.4892
0.3381 1.5563
0.3401 1.6062
0.3421 1.6383
0.3441 1.6520
0.3461 1.6472
0.3481 1.6238
0.3501 1.5820
0.3521 1.5221
0.3541 1.4448
0.3561 1.3509
0.3581 1.2413
0.3601 1.1171
0.3621 0.9798
0.3641 0.8307
0.3661 0.6716
0.3681 0.5041
0.3701 0.3302
0.3721 0.1516
0.3741 -0.0295
0.3761 -0.2111
0.3781 -0.3912
0.3801 -0.5678
0.3821 -0.7389
0.3841 -0.9024
0.3861 -1.0566
0.3881 -1.1996
0.3901 -1.3298
0.3921 -1.4456
0.3941 -1.5457
0.3961 -1.6288
0.3981 -1.6940
0.4001 -1.7405
0.4021 -1.7675
0.4041 -1.7747
0.4061 -1.7620
0.4081 -1.7293
0.4101 -1.6770
0.4121 -1.6056
0.4141 -1.5157
0.4161 -1.4082
0.4181 -1.2844
0.4201 -1.1455
0.4221 -0.9931
0.4241 -0.8287
0.4261 -0.6542
0.4281 -0.4714
0.4301 -0.2825
0.4321 -0.0894
0.4341 0.1056
0.4361 0.3003
0.4381 0.4926
0.4401 0.6803
0.4421 0.8612
0.4441 1.0332
0.4461 1.1945
0.4481 1.3431
0.4501 1.4773
0.4521 1.5954
0.4541 1.6962
0.4561 1.7783
0.4581 1.8408
0.4601 1.8828
0.4621 1.9038
0.4641 1.9035
0.4661 1.8817
0.4681 1.8385
0.4701 1.7745
0.4721 1.6902
0.4741 1.5863
0.4761 1.4642
0.4781 1.3249
0.4801 1.1700
0.4821 1.0012
0.4841 0.8202
0.4861 0.6292
0.4881 0.4301
0.4901 0.2253
0.4921 0.0169
0.4941 -0.1927
0.4961 -0.4012
0.4981 -0.6061
0.5001 -0.8052
0.5021 -0.9962
0.5041 -1.1768
0.5061 -1.3451
0.5081 -1.4990
0.5101 -1.6368
0.5121 -1.7568
0.5141 -1.8576
0.5161 -1.9379
0.5181 -1.9968
0.5201 -2.0334
0.5221 -2.0473
0.5241 -2.0382
0.5261 -2.0061
0.5281 -1.9512
0.5301 -1.8741
0.5321 -1.7755
0.5341 -1.6564
0.5361 -1.5180
0.5381 -1.3618
0.5401 -1.1896
0.5421 -1.0031
0.5441 -0.8044
0.5461 -0.5957
0.5481 -0.3793
0.5501 -0.1575
0.5521 0.0671
0.5541 0.2921
0.5561 0.5148
0.5581 0.7328
0.5601 0.9436
0.5621 1.1448
0.5641 1.3341
0.5661 1.5092
0.5681 1.6682
0.5701 1.8091
0.5721 1.9304
0.5741 2.0304
0.5761 2.1081
0.5781 2.1624
0.5801 2.1925
0.5821 2.1981
0.5841 2.1790
0.5861 2.1352
0.5881 2.0671
0.5901 1.9754
0.5921 1.8610
0.5941 1.7251
0.5961 1.5690
0.5981 1.3946
0.6001 1.2035
0.6021 0.9980
0.6041 0.7802
0.6061 0.5526
0.6081 0.3177
0.6101 0.0780
0.6121 -0.1637
0.6141 -0.4047
0.6161 -0.6423
0.6181 -0.8739
0.6201 -1.0967
0.6221 -1.3082
0.6241 -1.5060
0.6261 -1.6878
0.6281 -1.8514
0.6301 -1.9950
0.6321 -2.1168
0.6341 -2.2153
0.6361 -2.2893
0.6381 -2.3378
0.6401 -2.3603
0.6421 -2.3562
0.6441 -2.3256
0.6461 -2.2686
0.6481 -2.1858
0.6501 -2.0780
0.6521 -1.9462
0.6541 -1.7918
0.6561 -1.6165
0.6581 -1.4221
0.6601 -1.2107
0.6621 -0.9847
0.6641 -0.7465
0.6661 -0.4987
0.6681 -0.2442
0.6701 0.0144
0.6721 0.2741
0.6741 0.5319
0.6761 0.7850
0.6781 1.0305
0.6801 1.2655
0.6821 1.4874
0.6841 1.6936
0.6861 1.8817
0.6881 2.0495
0.6901 2.1951
0.6921 2.3166
0.6941 2.4125
0.6961 2.4818
0.6981 2.5234
0.7001 2.5368
0.7021 2.5216
0.7041 2.4780
0.7061 2.4062
0.7081 2.3069
0.7101 2.1812
0.7121 2.0302
0.7141 1.8557
0.7161 1.6594
0.7181 1.4434
0.7201 1.2102
0.7221 0.9621
0.7241 0.7021
0.7261 0.4328
0.7281 0.1574
0.7301 -0.1211
0.7321 -0.3996
0.7341 -0.6750
0.7361 -0.9441
0.7381 -1.2038
0.7401 -1.4512
0.7421 -1.6835
0.7441 -1.8979
0.7461 -2.0920
0.7481 -2.2634
0.7501 -2.4101
0.7521 -2.5304
0.7541 -2.6228
0.7561 -2.6860
0.7581 -2.7193
0.7601 -2.7220
0.7621 -2.6941
0.7641 -2.6358
0.7661 -2.5474
0.7681 -2.4298
0.7701 -2.2844
0.7721 -2.1125
0.7741 -1.9159
0.7761 -1.6968
0.7781 -1.4575
0.7801 -1.2006
0.7821 -0.9290
0.7841 -0.6455
0.7861 -0.3534
0.7881 -0.0560
0.7901 0.2436
0.7921 0.5418
0.7941 0.8354
0.7961 1.1210
0.7981 1.3953
0.8001 1.6552
0.8021 1.8978
0.8041 2.1201
0.8061 2.3196
0.8081 2.4939
0.8101 2.6410
0.8121 2.7590
0.8141 2.8464
0.8161 2.9022
0.8181 2.9256
0.8201 2.9161
0.8221 2.8737
0.8241 2.7987
0.8261 2.6918
0.8281 2.5540
0.8301 2.3868
0.8321 2.1919
0.8341 1.9713
0.8361 1.7275
0.8381 1.4630
0.8401 1.1807
0.8421 0.8838
0.8441 0.5754
0.8461 0.2591
0.8481 -0.0616
0.8501 -0.3833
0.8521 -0.7021
0.8541 -1.0146
0.8561 -1.3172
0.8581 -1.6063
0.8601 -1.8788
0.8621 -2.1314
0.8641 -2.3612
0.8661 -2.5655
0.8681 -2.7419
0.8701 -2.8883
0.8721 -3.0027
0.8741 -3.0839
0.8761 -3.1308
0.8781 -3.1425
0.8801 -3.1189
0.8821 -3.0601
0.8841 -2.9664
0.8861 -2.8389
0.8881 -2.6788
0.8901 -2.4877
0.8921 -2.2676
0.8941 -2.0209
0.8961 -1.7503
0.8981 -1.4586
0.9001 -1.1490
0.9021 -0.8250
0.9041 -0.4902
0.9061 -0.1482
0.9081 0.1971
0.9101 0.5419
0.9121 0.8822
0.9141 1.2143
0.9161 1.5342
0.9181 1.8384
0.9201 2.1234
0.9221 2.3858
0.9241 2.6225
0.9261 2.8309
0.9281 3.0084
0.9301 3.1528
0.9321 3.2624
0.9341 3.3357
0.9361 3.3718
0.9381 3.3701
0.9401 3.3304
0.9421 3.2529
0.9441 3.1384
0.9461 2.9880
0.9481 2.8032
0.9501 2.5859
0.9521 2.3384
0.9541 2.0633
0.9561 1.7637
0.9581 1.4427
0.9601 1.1040
0.9621 0.7511
0.9641 0.3881
0.9661 0.0189
0.9681 -0.3522
0.9701 -0.7212
0.9721 -1.0839
0.9741 -1.4360
0.9761 -1.7737
0.9781 -2.0931
0.9801 -2.3903
0.9821 -2.6621
0.9841 -2.9052
0.9861 -3.1167
0.9881 -3.2942
0.9901 -3.4353
0.9921 -3.5384
0.9941 -3.6021
0.9961 -3.6256
0.9981 -3.6083
