-0.0300 1.0000
0.0000 1.0000
0.0001 0.9960
0.0021 0.9160
0.0041 0.8360
0.0061 0.7560
0.0081 0.6760
0.0101 0.5960
0.0121 0.5160
0.0141 0.4360
0.0161 0.3560
0.0181 0.2760
0.0201 0.1960
0.0221 0.1160
0.0241 0.0360
0.0261 -0.0440
0.0281 -0.1240
0.0301 -0.2040
0.0321 -0.2806
0.0341 -0.3509
0.0361 -0.4147
0.0381 -0.4722
0.0401 -0.5232
0.0421 -0.5678
0.0441 -0.6061
0.0461 -0.6379
0.0481 -0.6634
0.0501 -0.6824
0.0521 -0.6950
0.0541 -0.7013
0.0561 -0.7011
0.0581 -0.6946
0.0601 -0.6816
0.0621 -0.6623
0.0641 -0.6372
0.0661 -0.6066
0.0681 -0.5712
0.0701 -0.5315
0.0721 -0.4879
0.0741 -0.4409
0.0761 -0.3912
0.0781 -0.3392
0.0801 -0.2853
0.0821 -0.2302
0.0841 -0.1743
0.0861 -0.1182
0.0881 -0.0623
0.0901 -0.0072
0.0921 0.0466
0.0941 0.0987
0.0961 0.1486
0.0981 0.1958
0.1001 0.2400
0.1021 0.2809
0.1041 0.3181
0.1061 0.3515
0.1081 0.3809
0.1101 0.4060
0.1121 0.4267
0.1141 0.4430
0.1161 0.4548
0.1181 0.4621
0.1201 0.4650
0.1221 0.4635
0.1241 0.4578
0.1261 0.4480
0.1281 0.4343
0.1301 0.4170
0.1321 0.3962
0.1341 0.3723
0.1361 0.3455
0.1381 0.3163
0.1401 0.2848
0.1421 0.2515
0.1441 0.2167
0.1461 0.1808
0.1481 0.1441
0.1501 0.1070
0.1521 0.0698
0.1541 0.0329
0.1561 -0.0033
0.1581 -0.0387
0.1601 -0.0728
0.1621 -0.1054
0.1641 -0.1362
0.1661 -0.1650
0.1681 -0.1915
0.1701 -0.2156
0.1721 -0.2372
0.1741 -0.2560
0.1761 -0.2720
0.1781 -0.2850
0.1801 -0.2952
0.1821 -0.3023
0.1841 -0.3065
0.1861 -0.3077
0.1881 -0.3061
0.1901 -0.3017
0.1921 -0.2946
0.1941 -0.2850
0.1961 -0.2730
0.1981 -0.2588
0.2001 -0.2425
0.2021 -0.2245
0.2041 -0.2048
0.2061 -0.1836
0.2081 -0.1614
0.2101 -0.1382
0.2121 -0.1143
0.2141 -0.0899
0.2161 -0.0653
0.2181 -0.0407
0.2201 -0.0164
0.2221 0.0075
0.2241 0.0307
0.2261 0.0531
0.2281 0.0744
0.2301 0.0945
0.2321 0.1132
0.2341 0.1304
0.2361 0.1460
0.2381 0.1599
0.2401 0.1719
0.2421 0.1821
0.2441 0.1903
0.2461 0.1965
0.2481 0.2008
0.2501 0.2032
0.2521 0.2036
0.2541 0.2021
0.2561 0.1988
0.2581 0.1937
0.2601 0.1870
0.2621 0.1787
0.2641 0.1690
0.2661 0.1579
0.2681 0.1457
0.2701 0.1324
0.2721 0.1183
0.2741 0.1034
0.2761 0.0879
0.2781 0.0720
0.2801 0.0559
0.2821 0.0396
0.2841 0.0234
0.2861 0.0073
0.2881 -0.0084
0.2901 -0.0237
0.2921 -0.0383
0.2941 -0.0523
0.2961 -0.0654
0.2981 -0.0775
0.3001 -0.0887
0.3021 -0.0988
0.3041 -0.1077
0.3061 -0.1154
0.3081 -0.1218
0.3101 -0.1269
0.3121 -0.1308
0.3141 -0.1333
0.3161 -0.1346
0.3181 -0.1346
0.3201 -0.1333
0.3221 -0.1309
0.3241 -0.1273
0.3261 -0.1226
0.3281 -0.1169
0.3301 -0.1102
0.3321 -0.1028
0.3341 -0.0945
0.3361 -0.0856
0.3381 -0.0761
0.3401 -0.0662
0.3421 -0.0559
0.3441 -0.0453
0.3461 -0.0346
0.3481 -0.0238
0.3501 -0.0131
0.3521 -0.0025
0.3541 0.0079
0.3561 0.0179
0.3581 0.0275
0.3601 0.0366
0.3621 0.0451
0.3641 0.0530
0.3661 0.0602
0.3681 0.0667
0.3701 0.0724
0.3721 0.0774
0.3741 0.0814
0.3761 0.0846
0.3781 0.0870
0.3801 0.0885
0.3821 0.0891
0.3841 0.0889
0.3861 0.0879
0.3881 0.0861
0.3901 0.0836
0.3921 0.0803
0.3941 0.0764
0.3961 0.0719
0.3981 0.0668
0.4001 0.0613
0.4021 0.0553
0.4041 0.0489
0.4061 0.0423
0.4081 0.0354
0.4101 0.0284
0.4121 0.0213
0.4141 0.0142
0.4161 0.0071
0.4181 0.0001
0.4201 -0.0067
0.4221 -0.0133
0.4241 -0.0195
0.4261 -0.0255
0.4281 -0.0310
0.4301 -0.0362
0.4321 -0.0409
0.4341 -0.0450
0.4361 -0.0487
0.4381 -0.0518
0.4401 -0.0544
0.4421 -0.0564
0.4441 -0.0578
0.4461 -0.0587
0.4481 -0.0590
0.4501 -0.0587
0.4521 -0.0580
0.4541 -0.0567
0.4561 -0.0549
0.4581 -0.0526
0.4601 -0.0499
0.4621 -0.0469
0.4641 -0.0434
0.4661 -0.0397
0.4681 -0.0357
0.4701 -0.0314
0.4721 -0.0270
0.4741 -0.0224
0.4761 -0.0177
0.4781 -0.0130
0.4801 -0.0083
0.4821 -0.0036
0.4841 0.0009
0.4861 0.0054
0.4881 0.0097
0.4901 0.0138
0.4921 0.0177
0.4941 0.0213
0.4961 0.0247
0.4981 0.0277
0.5001 0.0304
0.5021 0.0327
0.5041 0.0347
0.5061 0.0363
0.5081 0.0376
0.5101 0.0384
0.5121 0.0389
0.5141 0.0390
0.5161 0.0388
0.5181 0.0382
0.5201 0.0373
0.5221 0.0360
0.5241 0.0344
0.5261 0.0326
0.5281 0.0305
0.5301 0.0282
0.5321 0.0257
0.5341 0.0230
0.5361 0.0201
0.5381 0.0172
0.5401 0.0141
0.5421 0.0110
0.5441 0.0079
0.5461 0.0048
0.5481 0.0017
0.5501 -0.0013
0.5521 -0.0042
0.5541 -0.0070
0.5561 -0.0097
0.5581 -0.0123
0.5601 -0.0146
0.5621 -0.0168
0.5641 -0.0187
0.5661 -0.0205
0.5681 -0.0220
0.5701 -0.0232
0.5721 -0.0242
0.5741 -0.0250
0.5761 -0.0255
0.5781 -0.0258
0.5801 -0.0258
0.5821 -0.0256
0.5841 -0.0252
0.5861 -0.0245
0.5881 -0.0236
0.5901 -0.0225
0.5921 -0.0213
0.5941 -0.0199
0.5961 -0.0183
0.5981 -0.0166
0.6001 -0.0148
0.6021 -0.0129
0.6041 -0.0109
0.6061 -0.0089
0.6081 -0.0069
0.6101 -0.0048
0.6121 -0.0027
0.6141 -0.0007
0.6161 0.0013
0.6181 0.0032
0.6201 0.0051
0.6221 0.0068
0.6241 0.0085
0.6261 0.0100
0.6281 0.0114
0.6301 0.0127
0.6321 0.0138
0.6341 0.0147
0.6361 0.0155
0.6381 0.0162
0.6401 0.0166
0.6421 0.0169
0.6441 0.0171
0.6461 0.0171
0.6481 0.0169
0.6501 0.0166
0.6521 0.0161
0.6541 0.0155
0.6561 0.0147
0.6581 0.0139
0.6601 0.0129
0.6621 0.0119
0.6641 0.0107
0.6661 0.0095
0.6681 0.0082
0.6701 0.0069
0.6721 0.0056
0.6741 0.0042
0.6761 0.0029
0.6781 0.0015
0.6801 0.0002
0.6821 -0.0011
0.6841 -0.0024
0.6861 -0.0036
0.6881 -0.0048
0.6901 -0.0058
0.6921 -0.0068
0.6941 -0.0077
0.6961 -0.0086
0.6981 -0.0093
0.7001 -0.0099
0.7021 -0.0104
0.7041 -0.0108
0.7061 -0.0111
0.7081 -0.0112
0.7101 -0.0113
0.7121 -0.0113
0.7141 -0.0111
0.7161 -0.0109
0.7181 -0.0106
0.7201 -0.0101
0.7221 -0.0096
0.7241 -0.0091
0.7261 -0.0084
0.7281 -0.0077
0.7301 -0.0069
0.7321 -0.0061
0.7341 -0.0053
0.7361 -0.0044
0.7381 -0.0035
0.7401 -0.0026
0.7421 -0.0017
0.7441 -0.0008
0.7461 0.0001
0.7481 0.0009
0.7501 0.0018
0.7521 0.0026
0.7541 0.0033
0.7561 0.0040
0.7581 0.0047
0.7601 0.0052
0.7621 0.0058
0.7641 0.0062
0.7661 0.0066
0.7681 0.0069
0.7701 0.0072
0.7721 0.0074
0.7741 0.0075
0.7761 0.0075
0.7781 0.0074
0.7801 0.0073
0.7821 0.0072
0.7841 0.0069
0.7861 0.0066
0.7881 0.0063
0.7901 0.0059
0.7921 0.0055
0.7941 0.0050
0.7961 0.0045
0.7981 0.0039
0.8001 0.0034
0.8021 0.0028
0.8041 0.0022
0.8061 0.0016
0.8081 0.0010
0.8101 0.0004
0.8121 -0.0002
0.8141 -0.0008
0.8161 -0.0013
0.8181 -0.0018
0.8201 -0.0023
0.8221 -0.0028
0.8241 -0.0032
0.8261 -0.0036
0.8281 -0.0039
0.8301 -0.0042
0.8321 -0.0044
0.8341 -0.0046
0.8361 -0.0048
0.8381 -0.0049
0.8401 -0.0049
0.8421 -0.0050
0.8441 -0.0049
0.8461 -0.0048
0.8481 -0.0047
0.8501 -0.0045
0.8521 -0.0043
0.8541 -0.0041
0.8561 -0.0038
0.8581 -0.0035
0.8601 -0.0032
0.8621 -0.0029
0.8641 -0.0025
0.8661 -0.0021
0.8681 -0.0017
0.8701 -0.0014
0.8721 -0.0010
0.8741 -0.0006
0.8761 -0.0002
0.8781 0.0002
0.8801 0.0006
0.8821 0.0009
0.8841 0.0013
0.8861 0.0016
0.8881 0.0019
0.8901 0.0022
0.8921 0.0024
0.8941 0.0026
0.8961 0.0028
0.8981 0.0030
0.9001 0.0031
0.9021 0.0032
0.9041 0.0032
0.9061 0.0033
0.9081 0.0033
0.9101 0.0032
0.9121 0.0032
0.9141 0.0031
0.9161 0.0030
0.9181 0.0028
0.9201 0.0027
0.9221 0.0025
0.9241 0.0023
0.9261 0.0021
0.9281 0.0018
0.9301 0.0016
0.9321 0.0014
0.9341 0.0011
0.9361 0.0008
0.9381 0.0006
0.9401 0.0003
0.9421 0.0001
0.9441 -0.0002
0.9461 -0.0004
0.9481 -0.0007
0.9501 -0.0009
0.9521 -0.0011
0.9541 -0.0013
0.9561 -0.0015
0.9581 -0.0016
0.9601 -0.0018
0.9621 -0.0019
0.9641 -0.0020
0.9661 -0.0021
0.9681 -0.0021
0.9701 -0.0022
0.9721 -0.0022
0.9741 -0.0022
0.9761 -0.0021
0.9781 -0.0021
0.9801 -0.0020
0.9821 -0.0020
0.9841 -0.0019
0.9861 -0.0017
0.9881 -0.0016
0.9901 -0.0015
0.9921 -0.0013
0.9941 -0.0012
0.9961 -0.0010
0.9981 -0.0009
