0.0000 0.0049
0.0050 0.1748
0.0100 0.2527
0.0150 0.2868
0.0200 0.2998
0.0250 0.3024
0.0300 0.2997
0.0350 0.2937
0.0400 0.2853
0.0450 0.2749
0.0500 0.2622
0.0550 0.2468
0.0600 0.2281
0.0650 0.2053
0.0700 0.1775
0.0750 0.1434
0.0800 0.1116
0.0850 0.0869
0.0900 0.0676
0.0950 0.0526
0.1000 0.0410
0.1050 0.0319
0.1100 0.0248
0.1150 0.0193
0.1200 0.0150
0.1250 0.0117
0.1300 0.0091
0.1350 0.0071
0.1400 0.0055
0.1450 0.0043
0.1500 0.0033
0.1550 0.0026
0.1600 0.0020
0.1650 0.0016
0.1700 0.0012
0.1750 0.0010
0.1800 0.0007
0.1850 0.0006
0.1900 0.0004
0.1950 0.0004
0.2000 0.0003
0.2050 0.0002
0.2100 0.0002
0.2150 0.0001
0.2200 0.0001
0.2250 0.0001
0.2300 0.0001
0.2350 0.0000
0.2400 0.0000
0.2450 0.0000
0.2500 0.0000
0.2550 0.0000
0.2600 0.0000
0.2650 0.0000
0.2700 0.0000
0.2750 0.0000
0.2800 0.0000
0.2850 0.0002
0.2900 0.0025
0.2950 0.0074
0.3000 0.0151
0.3050 0.0260
0.3100 0.0408
0.3150 0.0605
0.3200 0.0862
0.3250 0.1195
0.3300 0.1621
0.3350 0.2166
0.3400 0.2828
0.3450 0.3533
0.3500 0.4223
0.3550 0.4863
0.3600 0.5434
0.3650 0.5925
0.3700 0.6337
0.3750 0.6671
0.3800 0.6934
0.3850 0.7132
0.3900 0.7273
0.3950 0.7365
0.4000 0.7414
0.4050 0.7428
0.4100 0.7412
0.4150 0.7372
0.4200 0.7312
0.4250 0.7237
0.4300 0.7150
0.4350 0.7053
0.4400 0.6950
0.4450 0.6842
0.4500 0.6731
0.4550 0.6619
0.4600 0.6505
0.4650 0.6393
0.4700 0.6281
0.4750 0.6172
0.4800 0.6064
0.4850 0.5959
0.4900 0.5857
0.4950 0.5757
0.5000 0.5661
0.5050 0.5568
0.5100 0.5478
0.5150 0.5391
0.5200 0.5307
0.5250 0.5227
0.5300 0.5149
0.5350 0.5074
0.5400 0.5003
0.5450 0.4934
0.5500 0.4867
0.5550 0.4804
0.5600 0.4743
0.5650 0.4684
0.5700 0.4628
0.5750 0.4575
0.5800 0.4523
0.5850 0.4473
0.5900 0.4426
0.5950 0.4380
0.6000 0.4337
0.6050 0.4295
0.6100 0.4255
0.6150 0.4216
0.6200 0.4180
0.6250 0.4144
0.6300 0.4111
0.6350 0.4078
0.6400 0.4047
0.6450 0.4017
0.6500 0.3989
0.6550 0.3961
0.6600 0.3935
0.6650 0.3910
0.6700 0.3886
0.6750 0.3863
0.6800 0.3841
0.6850 0.3820
0.6900 0.3799
0.6950 0.3780
0.7000 0.3761
0.7050 0.3738
0.7100 0.3707
0.7150 0.3661
0.7200 0.3598
0.7250 0.3511
0.7300 0.3395
0.7350 0.3241
0.7400 0.3042
0.7450 0.2784
0.7500 0.2454
0.7550 0.2033
0.7600 0.1584
0.7650 0.1233
0.7700 0.0960
0.7750 0.0747
0.7800 0.0581
0.7850 0.0453
0.7900 0.0352
0.7950 0.0274
0.8000 0.0213
0.8050 0.0166
0.8100 0.0129
0.8150 0.0101
0.8200 0.0078
0.8250 0.0061
0.8300 0.0047
0.8350 0.0037
0.8400 0.0029
0.8450 0.0022
0.8500 0.0017
0.8550 0.0014
0.8600 0.0011
0.8650 0.0008
0.8700 0.0006
0.8750 0.0005
0.8800 0.0004
0.8850 0.0003
0.8900 0.0002
0.8950 0.0002
0.9000 0.0001
0.9050 0.0001
0.9100 0.0001
0.9150 0.0001
0.9200 0.0001
0.9250 0.0000
0.9300 0.0000
0.9350 0.0000
0.9400 0.0000
0.9450 0.0000
0.9500 0.0000
0.9550 0.0000
0.9600 0.0000
0.9650 0.0000
0.9700 0.0000
0.9750 0.0000
0.9800 0.0000
0.9850 0.0000
0.9900 0.0000
0.9950 0.0000
1.0000 0.0000
1.0050 0.0000
1.0100 0.0000
1.0150 0.0000
1.0200 0.0000
1.0250 0.0000
1.0300 0.0000
1.0350 0.0000
1.0400 0.0000
1.0450 0.0000
1.0500 0.0000
1.0550 0.0000
1.0600 0.0000
1.0650 0.0000
1.0700 0.0000
1.0750 0.0000
1.0800 0.0000
1.0850 0.0000
1.0900 0.0000
1.0950 0.0000
1.1000 0.0000
1.1050 0.0000
1.1100 0.0000
1.1150 0.0000
1.1200 0.0005
1.1250 0.0023
1.1300 0.0055
1.1350 0.0103
1.1400 0.0168
1.1450 0.0257
1.1500 0.0374
1.1550 0.0526
1.1600 0.0723
1.1650 0.0976
1.1700 0.1298
1.1750 0.1708
1.1800 0.2218
1.1850 0.2784
1.1900 0.3353
1.1950 0.3889
1.2000 0.4375
1.2050 0.4801
1.2100 0.5163
1.2150 0.5463
1.2200 0.5704
1.2250 0.5892
1.2300 0.6033
1.2350 0.6133
1.2400 0.6197
1.2450 0.6230
1.2500 0.6238
1.2550 0.6226
1.2600 0.6196
1.2650 0.6152
1.2700 0.6098
1.2750 0.6035
1.2800 0.5966
1.2850 0.5892
1.2900 0.5815
1.2950 0.5736
1.3000 0.5656
1.3050 0.5575
1.3100 0.5496
1.3150 0.5416
1.3200 0.5339
1.3250 0.5262
1.3300 0.5188
1.3350 0.5116
1.3400 0.5045
1.3450 0.4977
1.3500 0.4911
1.3550 0.4848
1.3600 0.4786
1.3650 0.4727
1.3700 0.4670
1.3750 0.4615
1.3800 0.4563
1.3850 0.4512
1.3900 0.4463
1.3950 0.4417
1.4000 0.4372
1.4050 0.4329
1.4100 0.4287
1.4150 0.4248
1.4200 0.4210
1.4250 0.4173
1.4300 0.4138
1.4350 0.4105
1.4400 0.4073
1.4450 0.4042
1.4500 0.4012
1.4550 0.3984
1.4600 0.3957
1.4650 0.3931
1.4700 0.3906
1.4750 0.3882
1.4800 0.3859
1.4850 0.3837
1.4900 0.3816
1.4950 0.3796
1.5000 0.3777
1.5050 0.3758
1.5100 0.3741
1.5150 0.3724
1.5200 0.3707
1.5250 0.3692
1.5300 0.3677
1.5350 0.3662
1.5400 0.3648
1.5450 0.3629
1.5500 0.3601
1.5550 0.3560
1.5600 0.3501
1.5650 0.3420
1.5700 0.3311
1.5750 0.3166
1.5800 0.2978
1.5850 0.2734
1.5900 0.2420
1.5950 0.2021
1.6000 0.1578
1.6050 0.1229
1.6100 0.0956
1.6150 0.0744
1.6200 0.0579
1.6250 0.0451
1.6300 0.0351
1.6350 0.0273
1.6400 0.0213
1.6450 0.0165
1.6500 0.0129
1.6550 0.0100
1.6600 0.0078
1.6650 0.0061
1.6700 0.0047
1.6750 0.0037
1.6800 0.0029
1.6850 0.0022
1.6900 0.0017
1.6950 0.0013
1.7000 0.0011
1.7050 0.0008
1.7100 0.0006
1.7150 0.0005
1.7200 0.0004
1.7250 0.0003
1.7300 0.0002
1.7350 0.0002
1.7400 0.0001
1.7450 0.0001
1.7500 0.0001
1.7550 0.0001
1.7600 0.0001
1.7650 0.0000
1.7700 0.0000
1.7750 0.0000
1.7800 0.0000
1.7850 0.0000
1.7900 0.0000
1.7950 0.0000
1.8000 0.0000
1.8050 0.0000
1.8100 0.0000
1.8150 0.0000
1.8200 0.0000
1.8250 0.0000
1.8300 0.0000
1.8350 0.0000
1.8400 0.0000
1.8450 0.0000
1.8500 0.0000
1.8550 0.0000
1.8600 0.0000
1.8650 0.0000
1.8700 0.0000
1.8750 0.0000
1.8800 0.0000
1.8850 0.0000
1.8900 0.0000
1.8950 0.0000
1.9000 0.0000
1.9050 0.0000
1.9100 0.0000
1.9150 0.0000
1.9200 0.0000
1.9250 0.0000
1.9300 0.0000
1.9350 0.0000
1.9400 0.0000
1.9450 0.0000
1.9500 0.0000
1.9550 0.0000
1.9600 0.0005
1.9650 0.0023
1.9700 0.0054
1.9750 0.0100
1.9800 0.0165
1.9850 0.0252
1.9900 0.0367
1.9950 0.0517
2.0000 0.0711
2.0050 0.0959
2.0100 0.1277
2.0150 0.1680
2.0200 0.2184
2.0250 0.2748
2.0300 0.3315
2.0350 0.3853
2.0400 0.4341
2.0450 0.4769
2.0500 0.5133
2.0550 0.5436
2.0600 0.5680
2.0650 0.5870
2.0700 0.6014
2.0750 0.6115
2.0800 0.6181
2.0850 0.6216
2.0900 0.6225
2.0950 0.6214
2.1000 0.6185
2.1050 0.6143
2.1100 0.6089
2.1150 0.6027
2.1200 0.5958
2.1250 0.5885
2.1300 0.5809
2.1350 0.5730
2.1400 0.5650
2.1450 0.5570
2.1500 0.5491
2.1550 0.5412
2.1600 0.5334
2.1650 0.5258
2.1700 0.5184
2.1750 0.5112
2.1800 0.5042
2.1850 0.4974
2.1900 0.4908
2.1950 0.4845
2.2000 0.4784
2.2050 0.4724
2.2100 0.4668
2.2150 0.4613
2.2200 0.4560
2.2250 0.4510
2.2300 0.4461
2.2350 0.4415
2.2400 0.4370
2.2450 0.4327
2.2500 0.4286
2.2550 0.4246
2.2600 0.4208
2.2650 0.4172
2.2700 0.4137
2.2750 0.4103
2.2800 0.4071
2.2850 0.4040
2.2900 0.4011
2.2950 0.3983
2.3000 0.3956
2.3050 0.3930
2.3100 0.3905
2.3150 0.3881
2.3200 0.3858
2.3250 0.3836
2.3300 0.3815
2.3350 0.3795
2.3400 0.3776
2.3450 0.3757
2.3500 0.3740
2.3550 0.3723
2.3600 0.3707
2.3650 0.3691
2.3700 0.3676
2.3750 0.3662
2.3800 0.3647
2.3850 0.3629
2.3900 0.3601
2.3950 0.3561
2.4000 0.3503
2.4050 0.3423
2.4100 0.3316
2.4150 0.3173
2.4200 0.2987
2.4250 0.2746
2.4300 0.2437
2.4350 0.2042
2.4400 0.1598
2.4450 0.1244
2.4500 0.0968
2.4550 0.0753
2.4600 0.0586
2.4650 0.0456
2.4700 0.0355
2.4750 0.0276
2.4800 0.0215
2.4850 0.0167
2.4900 0.0130
2.4950 0.0101
2.5000 0.0079
2.5050 0.0061
2.5100 0.0048
2.5150 0.0037
2.5200 0.0029
2.5250 0.0023
2.5300 0.0018
2.5350 0.0014
2.5400 0.0011
2.5450 0.0008
2.5500 0.0006
2.5550 0.0005
2.5600 0.0004
2.5650 0.0003
2.5700 0.0002
2.5750 0.0002
2.5800 0.0001
2.5850 0.0001
2.5900 0.0001
2.5950 0.0001
2.6000 0.0001
2.6050 0.0000
2.6100 0.0000
2.6150 0.0000
2.6200 0.0000
2.6250 0.0000
2.6300 0.0000
2.6350 0.0000
2.6400 0.0000
2.6450 0.0000
2.6500 0.0000
2.6550 0.0000
2.6600 0.0000
2.6650 0.0000
2.6700 0.0000
2.6750 0.0000
2.6800 0.0000
2.6850 0.0000
2.6900 0.0000
2.6950 0.0000
2.7000 0.0000
2.7050 0.0000
2.7100 0.0000
2.7150 0.0000
2.7200 0.0000
2.7250 0.0000
2.7300 0.0000
2.7350 0.0000
2.7400 0.0000
2.7450 0.0000
2.7500 0.0000
2.7550 0.0000
2.7600 0.0000
2.7650 0.0000
2.7700 0.0000
2.7750 0.0000
2.7800 0.0000
2.7850 0.0000
2.7900 0.0000
2.7950 0.0000
2.8000 0.0004
2.8050 0.0022
2.8100 0.0052
2.8150 0.0098
2.8200 0.0161
2.8250 0.0247
2.8300 0.0360
2.8350 0.0509
2.8400 0.0700
2.8450 0.0946
2.8500 0.1259
2.8550 0.1658
2.8600 0.2157
2.8650 0.2719
2.8700 0.3288
2.8750 0.3828
2.8800 0.4318
2.8850 0.4749
2.8900 0.5117
2.8950 0.5422
2.9000 0.5669
2.9050 0.5862
2.9100 0.6007
2.9150 0.6111
2.9200 0.6178
2.9250 0.6215
2.9300 0.6225
2.9350 0.6215
2.9400 0.6187
2.9450 0.6145
2.9500 0.6092
2.9550 0.6030
2.9600 0.5962
2.9650 0.5889
2.9700 0.5812
2.9750 0.5734
2.9800 0.5654
2.9850 0.5574
2.9900 0.5495
2.9950 0.5416
3.0000 0.5338
3.0050 0.5262
3.0100 0.5188
3.0150 0.5116
3.0200 0.5045
3.0250 0.4977
3.0300 0.4911
3.0350 0.4848
3.0400 0.4786
3.0450 0.4727
3.0500 0.4670
3.0550 0.4615
3.0600 0.4563
3.0650 0.4512
3.0700 0.4463
3.0750 0.4417
3.0800 0.4372
3.0850 0.4329
3.0900 0.4287
3.0950 0.4248
3.1000 0.4210
3.1050 0.4173
3.1100 0.4138
3.1150 0.4105
3.1200 0.4073
3.1250 0.4042
3.1300 0.4012
3.1350 0.3984
3.1400 0.3957
3.1450 0.3931
3.1500 0.3906
3.1550 0.3882
3.1600 0.3859
3.1650 0.3837
3.1700 0.3816
3.1750 0.3796
3.1800 0.3777
3.1850 0.3758
3.1900 0.3741
3.1950 0.3724
3.2000 0.3707
3.2050 0.3692
3.2100 0.3677
3.2150 0.3662
3.2200 0.3648
3.2250 0.3630
3.2300 0.3603
3.2350 0.3563
3.2400 0.3506
3.2450 0.3428
3.2500 0.3322
3.2550 0.3181
3.2600 0.2997
3.2650 0.2760
3.2700 0.2454
3.2750 0.2064
3.2800 0.1617
3.2850 0.1259
3.2900 0.0980
3.2950 0.0763
3.3000 0.0594
3.3050 0.0462
3.3100 0.0360
3.3150 0.0280
3.3200 0.0218
3.3250 0.0170
3.3300 0.0132
3.3350 0.0103
3.3400 0.0080
3.3450 0.0062
3.3500 0.0048
3.3550 0.0038
3.3600 0.0029
3.3650 0.0023
3.3700 0.0018
3.3750 0.0014
3.3800 0.0011
3.3850 0.0008
3.3900 0.0007
3.3950 0.0005
3.4000 0.0004
3.4050 0.0003
3.4100 0.0002
3.4150 0.0002
3.4200 0.0001
3.4250 0.0001
3.4300 0.0001
3.4350 0.0001
3.4400 0.0001
3.4450 0.0000
3.4500 0.0000
3.4550 0.0000
3.4600 0.0000
3.4650 0.0000
3.4700 0.0000
3.4750 0.0000
3.4800 0.0000
3.4850 0.0000
3.4900 0.0000
3.4950 0.0000
3.5000 0.0000
3.5050 0.0000
3.5100 0.0000
3.5150 0.0000
3.5200 0.0000
3.5250 0.0000
3.5300 0.0000
3.5350 0.0000
3.5400 0.0000
3.5450 0.0000
3.5500 0.0000
3.5550 0.0000
3.5600 0.0000
3.5650 0.0000
3.5700 0.0000
3.5750 0.0000
3.5800 0.0000
3.5850 0.0000
3.5900 0.0000
3.5950 0.0000
3.6000 0.0000
3.6050 0.0000
3.6100 0.0000
3.6150 0.0000
3.6200 0.0000
3.6250 0.0000
3.6300 0.0000
3.6350 0.0000
3.6400 0.0004
3.6450 0.0020
3.6500 0.0050
3.6550 0.0095
3.6600 0.0158
3.6650 0.0242
3.6700 0.0354
3.6750 0.0500
3.6800 0.0689
3.6850 0.0932
3.6900 0.1242
3.6950 0.1636
3.7000 0.2131
3.7050 0.2691
3.7100 0.3260
3.7150 0.3802
3.7200 0.4295
3.7250 0.4729
3.7300 0.5100
3.7350 0.5409
3.7400 0.5658
3.7450 0.5854
3.7500 0.6001
3.7550 0.6107
3.7600 0.6175
3.7650 0.6213
3.7700 0.6225
3.7750 0.6216
3.7800 0.6189
3.7850 0.6147
3.7900 0.6095
3.7950 0.6033
3.8000 0.5965
3.8050 0.5892
3.8100 0.5816
3.8150 0.5738
3.8200 0.5658
3.8250 0.5578
3.8300 0.5498
3.8350 0.5420
3.8400 0.5342
3.8450 0.5266
3.8500 0.5191
3.8550 0.5119
3.8600 0.5049
3.8650 0.4981
3.8700 0.4915
3.8750 0.4851
3.8800 0.4789
3.8850 0.4730
3.8900 0.4673
3.8950 0.4618
3.9000 0.4565
3.9050 0.4515
3.9100 0.4466
3.9150 0.4419
3.9200 0.4374
3.9250 0.4331
3.9300 0.4289
3.9350 0.4250
3.9400 0.4212
3.9450 0.4175
3.9500 0.4140
3.9550 0.4106
3.9600 0.4074
3.9650 0.4043
3.9700 0.4014
3.9750 0.3985
3.9800 0.3958
3.9850 0.3932
3.9900 0.3907
3.9950 0.3883
