0.0000 0.0150
0.0050 0.1877
0.0100 0.2691
0.0150 0.3076
0.0200 0.3261
0.0250 0.3356
0.0300 0.3414
0.0350 0.3461
0.0400 0.3513
0.0450 0.3576
0.0500 0.3659
0.0550 0.3767
0.0600 0.3908
0.0650 0.4091
0.0700 0.4325
0.0750 0.4623
0.0800 0.4984
0.0850 0.5365
0.0900 0.5732
0.0950 0.6066
0.1000 0.6355
0.1050 0.6596
0.1100 0.6787
0.1150 0.6932
0.1200 0.7034
0.1250 0.7097
0.1300 0.7127
0.1350 0.7128
0.1400 0.7105
0.1450 0.7062
0.1500 0.7003
0.1550 0.6931
0.1600 0.6848
0.1650 0.6758
0.1700 0.6662
0.1750 0.6562
0.1800 0.6459
0.1850 0.6355
0.1900 0.6251
0.1950 0.6147
0.2000 0.6045
0.2050 0.5944
0.2100 0.5845
0.2150 0.5748
0.2200 0.5654
0.2250 0.5563
0.2300 0.5474
0.2350 0.5389
0.2400 0.5306
0.2450 0.5226
0.2500 0.5149
0.2550 0.5075
0.2600 0.5003
0.2650 0.4935
0.2700 0.4869
0.2750 0.4805
0.2800 0.4745
0.2850 0.4686
0.2900 0.4625
0.2950 0.4551
0.3000 0.4456
0.3050 0.4332
0.3100 0.4170
0.3150 0.3961
0.3200 0.3692
0.3250 0.3347
0.3300 0.2909
0.3350 0.2355
0.3400 0.1833
0.3450 0.1427
0.3500 0.1110
0.3550 0.0864
0.3600 0.0673
0.3650 0.0524
0.3700 0.0407
0.3750 0.0317
0.3800 0.0247
0.3850 0.0192
0.3900 0.0150
0.3950 0.0116
0.4000 0.0091
0.4050 0.0071
0.4100 0.0055
0.4150 0.0043
0.4200 0.0033
0.4250 0.0026
0.4300 0.0020
0.4350 0.0016
0.4400 0.0012
0.4450 0.0009
0.4500 0.0007
0.4550 0.0006
0.4600 0.0004
0.4650 0.0003
0.4700 0.0003
0.4750 0.0002
0.4800 0.0002
0.4850 0.0001
0.4900 0.0001
0.4950 0.0001
0.5000 0.0001
0.5050 0.0000
0.5100 0.0000
0.5150 0.0000
0.5200 0.0000
0.5250 0.0000
0.5300 0.0000
0.5350 0.0000
0.5400 0.0000
0.5450 0.0000
0.5500 0.0000
0.5550 0.0000
0.5600 0.0000
0.5650 0.0000
0.5700 0.0000
0.5750 0.0000
0.5800 0.0000
0.5850 0.0000
0.5900 0.0000
0.5950 0.0000
0.6000 0.0000
0.6050 0.0000
0.6100 0.0000
0.6150 0.0000
0.6200 0.0000
0.6250 0.0000
0.6300 0.0000
0.6350 0.0000
0.6400 0.0000
0.6450 0.0000
0.6500 0.0000
0.6550 0.0000
0.6600 0.0000
0.6650 0.0000
0.6700 0.0000
0.6750 0.0000
0.6800 0.0000
0.6850 0.0000
0.6900 0.0000
0.6950 0.0000
0.7000 0.0003
0.7050 0.0021
0.7100 0.0052
0.7150 0.0101
0.7200 0.0168
0.7250 0.0259
0.7300 0.0380
0.7350 0.0538
0.7400 0.0742
0.7450 0.1004
0.7500 0.1339
0.7550 0.1764
0.7600 0.2292
0.7650 0.2872
0.7700 0.3452
0.7750 0.3998
0.7800 0.4490
0.7850 0.4920
0.7900 0.5285
0.7950 0.5587
0.8000 0.5828
0.8050 0.6016
0.8100 0.6156
0.8150 0.6253
0.8200 0.6315
0.8250 0.6346
0.8300 0.6351
0.8350 0.6335
0.8400 0.6302
0.8450 0.6255
0.8500 0.6197
0.8550 0.6131
0.8600 0.6058
0.8650 0.5981
0.8700 0.5901
0.8750 0.5818
0.8800 0.5735
0.8850 0.5652
0.8900 0.5569
0.8950 0.5487
0.9000 0.5406
0.9050 0.5327
0.9100 0.5250
0.9150 0.5175
0.9200 0.5102
0.9250 0.5032
0.9300 0.4964
0.9350 0.4898
0.9400 0.4835
0.9450 0.4773
0.9500 0.4714
0.9550 0.4658
0.9600 0.4603
0.9650 0.4551
0.9700 0.4501
0.9750 0.4452
0.9800 0.4406
0.9850 0.4362
0.9900 0.4319
0.9950 0.4278
1.0000 0.4239
1.0050 0.4201
1.0100 0.4165
1.0150 0.4130
1.0200 0.4097
1.0250 0.4065
1.0300 0.4035
1.0350 0.4005
1.0400 0.3977
1.0450 0.3951
1.0500 0.3925
1.0550 0.3900
1.0600 0.3877
1.0650 0.3854
1.0700 0.3832
1.0750 0.3811
1.0800 0.3791
1.0850 0.3772
1.0900 0.3754
1.0950 0.3736
1.1000 0.3720
1.1050 0.3703
1.1100 0.3688
1.1150 0.3673
1.1200 0.3658
1.1250 0.3639
1.1300 0.3610
1.1350 0.3568
1.1400 0.3509
1.1450 0.3426
1.1500 0.3316
1.1550 0.3170
1.1600 0.2979
1.1650 0.2733
1.1700 0.2417
1.1750 0.2013
1.1800 0.1571
1.1850 0.1223
1.1900 0.0952
1.1950 0.0741
1.2000 0.0577
1.2050 0.0449
1.2100 0.0349
1.2150 0.0272
1.2200 0.0212
1.2250 0.0165
1.2300 0.0128
1.2350 0.0100
1.2400 0.0078
1.2450 0.0060
1.2500 0.0047
1.2550 0.0037
1.2600 0.0028
1.2650 0.0022
1.2700 0.0017
1.2750 0.0013
1.2800 0.0010
1.2850 0.0008
1.2900 0.0006
1.2950 0.0005
1.3000 0.0004
1.3050 0.0003
1.3100 0.0002
1.3150 0.0002
1.3200 0.0001
1.3250 0.0001
1.3300 0.0001
1.3350 0.0001
1.3400 0.0001
1.3450 0.0000
1.3500 0.0000
1.3550 0.0000
1.3600 0.0000
1.3650 0.0000
1.3700 0.0000
1.3750 0.0000
1.3800 0.0000
1.3850 0.0000
1.3900 0.0000
1.3950 0.0000
1.4000 0.0000
1.4050 0.0000
1.4100 0.0000
1.4150 0.0000
1.4200 0.0000
1.4250 0.0000
1.4300 0.0000
1.4350 0.0000
1.4400 0.0000
1.4450 0.0000
1.4500 0.0000
1.4550 0.0000
1.4600 0.0000
1.4650 0.0000
1.4700 0.0000
1.4750 0.0000
1.4800 0.0000
1.4850 0.0000
1.4900 0.0000
1.4950 0.0000
1.5000 0.0000
1.5050 0.0000
1.5100 0.0000
1.5150 0.0000
1.5200 0.0000
1.5250 0.0000
1.5300 0.0000
1.5350 0.0000
1.5400 0.0005
1.5450 0.0023
1.5500 0.0055
1.5550 0.0102
1.5600 0.0167
1.5650 0.0254
1.5700 0.0370
1.5750 0.0521
1.5800 0.0716
1.5850 0.0966
1.5900 0.1286
1.5950 0.1692
1.6000 0.2198
1.6050 0.2762
1.6100 0.3330
1.6150 0.3867
1.6200 0.4353
1.6250 0.4779
1.6300 0.5143
1.6350 0.5444
1.6400 0.5686
1.6450 0.5876
1.6500 0.6018
1.6550 0.6118
1.6600 0.6183
1.6650 0.6218
1.6700 0.6227
1.6750 0.6215
1.6800 0.6186
1.6850 0.6143
1.6900 0.6089
1.6950 0.6026
1.7000 0.5958
1.7050 0.5884
1.7100 0.5808
1.7150 0.5729
1.7200 0.5649
1.7250 0.5569
1.7300 0.5490
1.7350 0.5411
1.7400 0.5333
1.7450 0.5257
1.7500 0.5183
1.7550 0.5111
1.7600 0.5041
1.7650 0.4973
1.7700 0.4907
1.7750 0.4844
1.7800 0.4783
1.7850 0.4724
1.7900 0.4667
1.7950 0.4612
1.8000 0.4559
1.8050 0.4509
1.8100 0.4460
1.8150 0.4414
1.8200 0.4369
1.8250 0.4326
1.8300 0.4285
1.8350 0.4245
1.8400 0.4207
1.8450 0.4171
1.8500 0.4136
1.8550 0.4103
1.8600 0.4071
1.8650 0.4040
1.8700 0.4011
1.8750 0.3982
1.8800 0.3955
1.8850 0.3929
1.8900 0.3904
1.8950 0.3881
1.9000 0.3858
1.9050 0.3836
1.9100 0.3815
1.9150 0.3795
1.9200 0.3776
1.9250 0.3757
1.9300 0.3739
1.9350 0.3723
1.9400 0.3706
1.9450 0.3691
1.9500 0.3676
1.9550 0.3662
1.9600 0.3647
1.9650 0.3629
1.9700 0.3601
1.9750 0.3560
1.9800 0.3501
1.9850 0.3421
1.9900 0.3313
1.9950 0.3169
2.0000 0.2982
2.0050 0.2740
2.0100 0.2429
2.0150 0.2031
2.0200 0.1588
2.0250 0.1236
2.0300 0.0962
2.0350 0.0749
2.0400 0.0583
2.0450 0.0454
2.0500 0.0353
2.0550 0.0275
2.0600 0.0214
2.0650 0.0166
2.0700 0.0130
2.0750 0.0101
2.0800 0.0078
2.0850 0.0061
2.0900 0.0048
2.0950 0.0037
2.1000 0.0029
2.1050 0.0022
2.1100 0.0017
2.1150 0.0014
2.1200 0.0011
2.1250 0.0008
2.1300 0.0006
2.1350 0.0005
2.1400 0.0004
2.1450 0.0003
2.1500 0.0002
2.1550 0.0002
2.1600 0.0001
2.1650 0.0001
2.1700 0.0001
2.1750 0.0001
2.1800 0.0001
2.1850 0.0000
2.1900 0.0000
2.1950 0.0000
2.2000 0.0000
2.2050 0.0000
2.2100 0.0000
2.2150 0.0000
2.2200 0.0000
2.2250 0.0000
2.2300 0.0000
2.2350 0.0000
2.2400 0.0000
2.2450 0.0000
2.2500 0.0000
2.2550 0.0000
2.2600 0.0000
2.2650 0.0000
2.2700 0.0000
2.2750 0.0000
2.2800 0.0000
2.2850 0.0000
2.2900 0.0000
2.2950 0.0000
2.3000 0.0000
2.3050 0.0000
2.3100 0.0000
2.3150 0.0000
2.3200 0.0000
2.3250 0.0000
2.3300 0.0000
2.3350 0.0000
2.3400 0.0000
2.3450 0.0000
2.3500 0.0000
2.3550 0.0000
2.3600 0.0000
2.3650 0.0000
2.3700 0.0000
2.3750 0.0000
2.3800 0.0004
2.3850 0.0022
2.3900 0.0053
2.3950 0.0099
2.4000 0.0163
2.4050 0.0249
2.4100 0.0364
2.4150 0.0513
2.4200 0.0705
2.4250 0.0952
2.4300 0.1268
2.4350 0.1669
2.4400 0.2171
2.4450 0.2733
2.4500 0.3302
2.4550 0.3840
2.4600 0.4329
2.4650 0.4759
2.4700 0.5125
2.4750 0.5429
2.4800 0.5674
2.4850 0.5866
2.4900 0.6010
2.4950 0.6113
2.5000 0.6179
2.5050 0.6215
2.5100 0.6225
2.5150 0.6214
2.5200 0.6186
2.5250 0.6144
2.5300 0.6090
2.5350 0.6028
2.5400 0.5960
2.5450 0.5887
2.5500 0.5810
2.5550 0.5732
2.5600 0.5652
2.5650 0.5572
2.5700 0.5493
2.5750 0.5414
2.5800 0.5336
2.5850 0.5260
2.5900 0.5186
2.5950 0.5114
2.6000 0.5044
2.6050 0.4976
2.6100 0.4910
2.6150 0.4846
2.6200 0.4785
2.6250 0.4726
2.6300 0.4669
2.6350 0.4614
2.6400 0.4562
2.6450 0.4511
2.6500 0.4462
2.6550 0.4416
2.6600 0.4371
2.6650 0.4328
2.6700 0.4286
2.6750 0.4247
2.6800 0.4209
2.6850 0.4172
2.6900 0.4138
2.6950 0.4104
2.7000 0.4072
2.7050 0.4041
2.7100 0.4012
2.7150 0.3983
2.7200 0.3956
2.7250 0.3930
2.7300 0.3905
2.7350 0.3882
2.7400 0.3859
2.7450 0.3837
2.7500 0.3816
2.7550 0.3796
2.7600 0.3776
2.7650 0.3758
2.7700 0.3740
2.7750 0.3723
2.7800 0.3707
2.7850 0.3691
2.7900 0.3676
2.7950 0.3662
2.8000 0.3648
2.8050 0.3630
2.8100 0.3602
2.8150 0.3562
2.8200 0.3505
2.8250 0.3425
2.8300 0.3319
2.8350 0.3177
2.8400 0.2992
2.8450 0.2753
2.8500 0.2446
2.8550 0.2053
2.8600 0.1608
2.8650 0.1251
2.8700 0.0974
2.8750 0.0758
2.8800 0.0590
2.8850 0.0459
2.8900 0.0357
2.8950 0.0278
2.9000 0.0216
2.9050 0.0168
2.9100 0.0131
2.9150 0.0102
2.9200 0.0079
2.9250 0.0062
2.9300 0.0048
2.9350 0.0037
2.9400 0.0029
2.9450 0.0023
2.9500 0.0018
2.9550 0.0014
2.9600 0.0011
2.9650 0.0008
2.9700 0.0006
2.9750 0.0005
2.9800 0.0004
2.9850 0.0003
2.9900 0.0002
2.9950 0.0002
3.0000 0.0001
3.0050 0.0001
3.0100 0.0001
3.0150 0.0001
3.0200 0.0001
3.0250 0.0000
3.0300 0.0000
3.0350 0.0000
3.0400 0.0000
3.0450 0.0000
3.0500 0.0000
3.0550 0.0000
3.0600 0.0000
3.0650 0.0000
3.0700 0.0000
3.0750 0.0000
3.0800 0.0000
3.0850 0.0000
3.0900 0.0000
3.0950 0.0000
3.1000 0.0000
3.1050 0.0000
3.1100 0.0000
3.1150 0.0000
3.1200 0.0000
3.1250 0.0000
3.1300 0.0000
3.1350 0.0000
3.1400 0.0000
3.1450 0.0000
3.1500 0.0000
3.1550 0.0000
3.1600 0.0000
3.1650 0.0000
3.1700 0.0000
3.1750 0.0000
3.1800 0.0000
3.1850 0.0000
3.1900 0.0000
3.1950 0.0000
3.2000 0.0000
3.2050 0.0000
3.2100 0.0000
3.2150 0.0000
3.2200 0.0004
3.2250 0.0021
3.2300 0.0051
3.2350 0.0096
3.2400 0.0159
3.2450 0.0245
3.2500 0.0357
3.2550 0.0504
3.2600 0.0695
3.2650 0.0939
3.2700 0.1251
3.2750 0.1647
3.2800 0.2144
3.2850 0.2705
3.2900 0.3274
3.2950 0.3815
3.3000 0.4307
3.3050 0.4739
3.3100 0.5108
3.3150 0.5415
3.3200 0.5664
3.3250 0.5858
3.3300 0.6004
3.3350 0.6109
3.3400 0.6177
3.3450 0.6214
3.3500 0.6225
3.3550 0.6215
3.3600 0.6188
3.3650 0.6146
3.3700 0.6093
3.3750 0.6032
3.3800 0.5963
3.3850 0.5891
3.3900 0.5814
3.3950 0.5736
3.4000 0.5656
3.4050 0.5576
3.4100 0.5496
3.4150 0.5418
3.4200 0.5340
3.4250 0.5264
3.4300 0.5190
3.4350 0.5117
3.4400 0.5047
3.4450 0.4979
3.4500 0.4913
3.4550 0.4849
3.4600 0.4788
3.4650 0.4729
3.4700 0.4672
3.4750 0.4617
3.4800 0.4564
3.4850 0.4513
3.4900 0.4465
3.4950 0.4418
3.5000 0.4373
3.5050 0.4330
3.5100 0.4288
3.5150 0.4249
3.5200 0.4211
3.5250 0.4174
3.5300 0.4139
3.5350 0.4106
3.5400 0.4074
3.5450 0.4043
3.5500 0.4013
3.5550 0.3985
3.5600 0.3958
3.5650 0.3932
3.5700 0.3907
3.5750 0.3883
3.5800 0.3860
3.5850 0.3838
3.5900 0.3817
3.5950 0.3797
3.6000 0.3777
3.6050 0.3759
3.6100 0.3741
3.6150 0.3724
3.6200 0.3708
3.6250 0.3692
3.6300 0.3677
3.6350 0.3663
3.6400 0.3649
3.6450 0.3631
3.6500 0.3604
3.6550 0.3564
3.6600 0.3508
3.6650 0.3430
3.6700 0.3325
3.6750 0.3185
3.6800 0.3002
3.6850 0.2766
3.6900 0.2463
3.6950 0.2075
3.7000 0.1627
3.7050 0.1267
3.7100 0.0986
3.7150 0.0767
3.7200 0.0597
3.7250 0.0465
3.7300 0.0362
3.7350 0.0282
3.7400 0.0219
3.7450 0.0171
3.7500 0.0133
3.7550 0.0103
3.7600 0.0080
3.7650 0.0063
3.7700 0.0049
3.7750 0.0038
3.7800 0.0030
3.7850 0.0023
3.7900 0.0018
3.7950 0.0014
3.8000 0.0011
3.8050 0.0008
3.8100 0.0007
3.8150 0.0005
3.8200 0.0004
3.8250 0.0003
3.8300 0.0002
3.8350 0.0002
3.8400 0.0001
3.8450 0.0001
3.8500 0.0001
3.8550 0.0001
3.8600 0.0001
3.8650 0.0000
3.8700 0.0000
3.8750 0.0000
3.8800 0.0000
3.8850 0.0000
3.8900 0.0000
3.8950 0.0000
3.9000 0.0000
3.9050 0.0000
3.9100 0.0000
3.9150 0.0000
3.9200 0.0000
3.9250 0.0000
3.9300 0.0000
3.9350 0.0000
3.9400 0.0000
3.9450 0.0000
3.9500 0.0000
3.9550 0.0000
3.9600 0.0000
3.9650 0.0000
3.9700 0.0000
3.9750 0.0000
3.9800 0.0000
3.9850 0.0000
3.9900 0.0000
3.9950 0.0000
