0.00 1.0100
0.10 1.1098
0.20 1.2093
0.30 1.3085
0.40 1.4074
0.50 1.5060
0.60 1.6042
0.70 1.7021
0.80 1.7996
0.90 1.8967
1.00 1.9934
1.10 2.0897
1.20 2.1856
1.30 2.2810
1.40 2.3760
1.50 2.4705
1.60 2.5645
1.70 2.6581
1.80 2.7511
1.90 2.8436
2.00 2.9356
2.10 3.0270
2.20 3.1179
2.30 3.2081
2.40 3.2978
2.50 3.3869
2.60 3.4754
2.70 3.5633
2.80 3.6505
2.90 3.7371
3.00 3.8230
3.10 3.9083
3.20 3.9929
3.30 4.0768
3.40 4.1601
3.50 4.2426
3.60 4.3245
3.70 4.4056
3.80 4.4860
3.90 4.5657
4.00 4.6447
4.10 4.7229
4.20 4.8004
4.30 4.8771
4.40 4.9531
4.50 5.0284
4.60 5.1029
4.70 5.1766
4.80 5.2495
4.90 5.3217
5.00 5.3932
5.10 5.4638
5.20 5.5337
5.30 5.6028
5.40 5.6712
5.50 5.7388
5.60 5.8055
5.70 5.8716
5.80 5.9368
5.90 6.0013
6.00 6.0650
6.10 6.1279
6.20 6.1901
6.30 6.2515
6.40 6.3121
6.50 6.3720
6.60 6.4311
6.70 6.4895
6.80 6.5471
6.90 6.6039
7.00 6.6600
7.10 6.7154
7.20 6.7700
7.30 6.8239
7.40 6.8770
7.50 6.9294
7.60 6.9811
7.70 7.0321
7.80 7.0824
7.90 7.1319
8.00 7.1808
8.10 7.2290
8.20 7.2764
8.30 7.3232
8.40 7.3693
8.50 7.4147
8.60 7.4595
8.70 7.5035
8.80 7.5470
8.90 7.5897
9.00 7.6319
9.10 7.6734
9.20 7.7142
9.30 7.7545
9.40 7.7941
9.50 7.8331
9.60 7.8714
9.70 7.9092
9.80 7.9464
9.90 7.9830
10.00 8.0191
10.10 8.0545
10.20 8.0894
10.30 8.1237
10.40 8.1575
10.50 8.1907
10.60 8.2234
10.70 8.2556
10.80 8.2872
10.90 8.3183
11.00 8.3489
11.10 8.3790
11.20 8.4085
11.30 8.4376
11.40 8.4662
11.50 8.4943
11.60 8.5220
11.70 8.5492
11.80 8.5759
11.90 8.6021
12.00 8.6279
12.10 8.6533
12.20 8.6782
12.30 8.7027
12.40 8.7268
12.50 8.7505
12.60 8.7737
12.70 8.7966
12.80 8.8190
12.90 8.8411
13.00 8.8627
13.10 8.8840
13.20 8.9049
13.30 8.9255
13.40 8.9457
13.50 8.9655
13.60 8.9849
13.70 9.0041
13.80 9.0228
13.90 9.0413
14.00 9.0594
14.10 9.0772
14.20 9.0946
14.30 9.1118
14.40 9.1286
14.50 9.1452
14.60 9.1614
14.70 9.1773
14.80 9.1930
14.90 9.2084
15.00 9.2234
15.10 9.2383
15.20 9.2528
15.30 9.2671
15.40 9.2811
15.50 9.2948
15.60 9.3083
15.70 9.3216
15.80 9.3346
15.90 9.3473
16.00 9.3598
16.10 9.3721
16.20 9.3842
16.30 9.3960
16.40 9.4076
16.50 9.4190
16.60 9.4302
16.70 9.4412
16.80 9.4520
16.90 9.4626
17.00 9.4729
17.10 9.4831
17.20 9.4931
17.30 9.5029
17.40 9.5125
17.50 9.5219
17.60 9.5312
17.70 9.5403
17.80 9.5492
17.90 9.5579
18.00 9.5665
18.10 9.5749
18.20 9.5831
18.30 9.5912
18.40 9.5992
18.50 9.6070
18.60 9.6146
18.70 9.6221
18.80 9.6295
18.90 9.6367
19.00 9.6437
19.10 9.6507
19.20 9.6575
19.30 9.6642
19.40 9.6707
19.50 9.6771
19.60 9.6834
19.70 9.6896
19.80 9.6957
19.90 9.7016
20.00 9.7074
20.10 9.7132
20.20 9.7188
20.30 9.7243
20.40 9.7296
20.50 9.7349
20.60 9.7401
20.70 9.7452
20.80 9.7502
20.90 9.7551
21.00 9.7599
21.10 9.7646
21.20 9.7692
21.30 9.7737
21.40 9.7782
21.50 9.7825
21.60 9.7868
21.70 9.7910
21.80 9.7951
21.90 9.7991
22.00 9.8030
22.10 9.8069
22.20 9.8107
22.30 9.8144
22.40 9.8180
22.50 9.8216
22.60 9.8251
22.70 9.8286
22.80 9.8319
22.90 9.8352
23.00 9.8385
23.10 9.8416
23.20 9.8448
23.30 9.8478
23.40 9.8508
23.50 9.8537
23.60 9.8566
23.70 9.8594
23.80 9.8622
23.90 9.8649
24.00 9.8676
24.10 9.8702
24.20 9.8727
24.30 9.8753
24.40 9.8777
24.50 9.8801
24.60 9.8825
24.70 9.8848
24.80 9.8871
24.90 9.8893
25.00 9.8915
25.10 9.8936
25.20 9.8957
25.30 9.8978
25.40 9.8998
25.50 9.9018
25.60 9.9037
25.70 9.9056
25.80 9.9075
25.90 9.9093
26.00 9.9111
26.10 9.9128
26.20 9.9146
26.30 9.9162
26.40 9.9179
26.50 9.9195
26.60 9.9211
26.70 9.9227
26.80 9.9242
26.90 9.9257
27.00 9.9272
27.10 9.9286
27.20 9.9300
27.30 9.9314
27.40 9.9327
27.50 9.9341
27.60 9.9354
27.70 9.9366
27.80 9.9379
27.90 9.9391
28.00 9.9403
28.10 9.9415
28.20 9.9427
28.30 9.9438
28.40 9.9449
28.50 9.9460
28.60 9.9471
28.70 9.9481
28.80 9.9491
28.90 9.9501
29.00 9.9511
29.10 9.9521
29.20 9.9530
29.30 9.9540
29.40 9.9549
29.50 9.9558
29.60 9.9567
29.70 9.9575
29.80 9.9583
29.90 9.9592
30.00 9.9600
30.10 9.9608
30.20 9.9615
30.30 9.9623
30.40 9.9631
30.50 9.9638
30.60 9.9645
30.70 9.9652
30.80 9.9659
30.90 9.9666
31.00 9.9672
31.10 9.9679
31.20 9.9685
31.30 9.9691
31.40 9.9697
31.50 9.9703
31.60 9.9709
31.70 9.9715
31.80 9.9721
31.90 9.9726
32.00 9.9732
32.10 9.9737
32.20 9.9742
32.30 9.9747
32.40 9.9752
32.50 9.9757
32.60 9.9762
32.70 9.9767
32.80 9.9771
32.90 9.9776
33.00 9.9780
33.10 9.9785
33.20 9.9789
33.30 9.9793
33.40 9.9797
33.50 9.9801
33.60 9.9805
33.70 9.9809
33.80 9.9813
33.90 9.9816
34.00 9.9820
34.10 9.9824
34.20 9.9827
34.30 9.9831
34.40 9.9834
34.50 9.9837
34.60 9.9840
34.70 9.9844
34.80 9.9847
34.90 9.9850
35.00 9.9853
35.10 9.9856
35.20 9.9859
35.30 9.9861
35.40 9.9864
35.50 9.9867
35.60 9.9869
35.70 9.9872
35.80 9.9875
35.90 9.9877
36.00 9.9879
36.10 9.9882
36.20 9.9884
36.30 9.9886
36.40 9.9889
36.50 9.9891
36.60 9.9893
36.70 9.9895
36.80 9.9897
36.90 9.9899
37.00 9.9901
37.10 9.9903
37.20 9.9905
37.30 9.9907
37.40 9.9909
37.50 9.9911
37.60 9.9912
37.70 9.9914
37.80 9.9916
37.90 9.9918
38.00 9.9919
38.10 9.9921
38.20 9.9922
38.30 9.9924
38.40 9.9925
38.50 9.9927
38.60 9.9928
38.70 9.9930
38.80 9.9931
38.90 9.9933
39.00 9.9934
39.10 9.9935
39.20 9.9936
39.30 9.9938
39.40 9.9939
39.50 9.9940
39.60 9.9941
39.70 9.9943
39.80 9.9944
39.90 9.9945
40.00 9.9946
40.10 9.9947
40.20 9.9948
40.30 9.9949
40.40 9.9950
40.50 9.9951
40.60 9.9952
40.70 9.9953
40.80 9.9954
40.90 9.9955
41.00 9.9956
41.10 9.9957
41.20 9.9957
41.30 9.9958
41.40 9.9959
41.50 9.9960
41.60 9.9961
41.70 9.9961
41.80 9.9962
41.90 9.9963
42.00 9.9964
42.10 9.9964
42.20 9.9965
42.30 9.9966
42.40 9.9967
42.50 9.9967
42.60 9.9968
42.70 9.9968
42.80 9.9969
42.90 9.9970
43.00 9.9970
43.10 9.9971
43.20 9.9971
43.30 9.9972
43.40 9.9973
43.50 9.9973
43.60 9.9974
43.70 9.9974
43.80 9.9975
43.90 9.9975
44.00 9.9976
44.10 9.9976
44.20 9.9977
44.30 9.9977
44.40 9.9978
44.50 9.9978
44.60 9.9978
44.70 9.9979
44.80 9.9979
44.90 9.9980
45.00 9.9980
45.10 9.9980
45.20 9.9981
45.30 9.9981
45.40 9.9982
45.50 9.9982
45.60 9.9982
45.70 9.9983
45.80 9.9983
45.90 9.9983
46.00 9.9984
46.10 9.9984
46.20 9.9984
46.30 9.9985
46.40 9.9985
46.50 9.9985
46.60 9.9986
46.70 9.9986
46.80 9.9986
46.90 9.9986
47.00 9.9987
47.10 9.9987
47.20 9.9987
47.30 9.9987
47.40 9.9988
47.50 9.9988
47.60 9.9988
47.70 9.9988
47.80 9.9989
47.90 9.9989
48.00 9.9989
48.10 9.9989
48.20 9.9990
48.30 9.9990
48.40 9.9990
48.50 9.9990
48.60 9.9990
48.70 9.9991
48.80 9.9991
48.90 9.9991
49.00 9.9991
49.10 9.9991
49.20 9.9991
49.30 9.9992
49.40 9.9992
49.50 9.9992
49.60 9.9992
49.70 9.9992
49.80 9.9992
49.90 9.9993
50.00 9.9993
50.10 9.9993
50.20 9.9993
50.30 9.9993
50.40 9.9993
50.50 9.9993
50.60 9.9994
50.70 9.9994
50.80 9.9994
50.90 9.9994
51.00 9.9994
51.10 9.9994
51.20 9.9994
51.30 9.9994
51.40 9.9994
51.50 9.9995
51.60 9.9995
51.70 9.9995
51.80 9.9995
51.90 9.9995
52.00 9.9995
52.10 9.9995
52.20 9.9995
52.30 9.9995
52.40 9.9995
52.50 9.9996
52.60 9.9996
52.70 9.9996
52.80 9.9996
52.90 9.9996
53.00 9.9996
53.10 9.9996
53.20 9.9996
53.30 9.9996
53.40 9.9996
53.50 9.9996
53.60 9.9996
53.70 9.9997
53.80 9.9997
53.90 9.9997
54.00 9.9997
54.10 9.9997
54.20 9.9997
54.30 9.9997
54.40 9.9997
54.50 9.9997
54.60 9.9997
54.70 9.9997
54.80 9.9997
54.90 9.9997
55.00 9.9997
55.10 9.9997
55.20 9.9997
55.30 9.9997
55.40 9.9998
55.50 9.9998
55.60 9.9998
55.70 9.9998
55.80 9.9998
55.90 9.9998
56.00 9.9998
56.10 9.9998
56.20 9.9998
56.30 9.9998
56.40 9.9998
56.50 9.9998
56.60 9.9998
56.70 9.9998
56.80 9.9998
56.90 9.9998
57.00 9.9998
57.10 9.9998
57.20 9.9998
57.30 9.9998
57.40 9.9998
57.50 9.9998
57.60 9.9998
57.70 9.9998
57.80 9.9998
57.90 9.9998
58.00 9.9999
58.10 9.9999
58.20 9.9999
58.30 9.9999
58.40 9.9999
58.50 9.9999
58.60 9.9999
58.70 9.9999
58.80 9.9999
58.90 9.9999
59.00 9.9999
59.10 9.9999
59.20 9.9999
59.30 9.9999
59.40 9.9999
59.50 9.9999
59.60 9.9999
59.70 9.9999
59.80 9.9999
59.90 9.9999
60.00 9.9999
60.10 9.9999
60.20 9.9999
60.30 9.9999
60.40 9.9999
60.50 9.9999
60.60 9.9999
60.70 9.9999
60.80 9.9999
60.90 9.9999
61.00 9.9999
61.10 9.9999
61.20 9.9999
61.30 9.9999
61.40 9.9999
61.50 9.9999
61.60 9.9999
61.70 9.9999
61.80 9.9999
61.90 9.9999
62.00 9.9999
62.10 9.9999
62.20 9.9999
62.30 9.9999
62.40 9.9999
62.50 9.9999
62.60 9.9999
62.70 9.9999
62.80 9.9999
62.90 9.9999
63.00 9.9999
63.10 9.9999
63.20 9.9999
63.30 9.9999
63.40 9.9999
63.50 10.0000
63.60 10.0000
63.70 10.0000
63.80 10.0000
63.90 10.0000
64.00 10.0000
64.10 10.0000
64.20 10.0000
64.30 10.0000
64.40 10.0000
64.50 10.0000
64.60 10.0000
64.70 10.0000
64.80 10.0000
64.90 10.0000
65.00 10.0000
65.10 10.0000
65.20 10.0000
65.30 10.0000
65.40 10.0000
65.50 10.0000
65.60 10.0000
65.70 10.0000
65.80 10.0000
65.90 10.0000
66.00 10.0000
66.10 10.0000
66.20 10.0000
66.30 10.0000
66.40 10.0000
66.50 10.0000
66.60 10.0000
66.70 10.0000
66.80 10.0000
66.90 10.0000
67.00 10.0000
67.10 10.0000
67.20 10.0000
67.30 10.0000
67.40 10.0000
67.50 10.0000
67.60 10.0000
67.70 10.0000
67.80 10.0000
67.90 10.0000
68.00 10.0000
68.10 10.0000
68.20 10.0000
68.30 10.0000
68.40 10.0000
68.50 10.0000
68.60 10.0000
68.70 10.0000
68.80 10.0000
68.90 10.0000
69.00 10.0000
69.10 10.0000
69.20 10.0000
69.30 10.0000
69.40 10.0000
69.50 10.0000
69.60 10.0000
69.70 10.0000
69.80 10.0000
69.90 10.0000
70.00 10.0000
70.10 10.0000
70.20 10.0000
70.30 10.0000
70.40 10.0000
70.50 10.0000
70.60 10.0000
70.70 10.0000
70.80 10.0000
70.90 10.0000
71.00 10.0000
71.10 10.0000
71.20 10.0000
71.30 10.0000
71.40 10.0000
71.50 10.0000
71.60 10.0000
71.70 10.0000
71.80 10.0000
71.90 10.0000
72.00 10.0000
72.10 10.0000
72.20 10.0000
72.30 10.0000
72.40 10.0000
72.50 10.0000
72.60 10.0000
72.70 10.0000
72.80 10.0000
72.90 10.0000
73.00 10.0000
73.10 10.0000
73.20 10.0000
73.30 10.0000
73.40 10.0000
73.50 10.0000
73.60 10.0000
73.70 10.0000
73.80 10.0000
73.90 10.0000
74.00 10.0000
74.10 10.0000
74.20 10.0000
74.30 10.0000
74.40 10.0000
74.50 10.0000
74.60 10.0000
74.70 10.0000
74.80 10.0000
74.90 10.0000
75.00 10.0000
75.10 10.0000
75.20 10.0000
75.30 10.0000
75.40 10.0000
75.50 10.0000
75.60 10.0000
75.70 10.0000
75.80 10.0000
75.90 10.0000
76.00 10.0000
76.10 10.0000
76.20 10.0000
76.30 10.0000
76.40 10.0000
76.50 10.0000
76.60 10.0000
76.70 10.0000
76.80 10.0000
76.90 10.0000
77.00 10.0000
77.10 10.0000
77.20 10.0000
77.30 10.0000
77.40 10.0000
77.50 10.0000
77.60 10.0000
77.70 10.0000
77.80 10.0000
77.90 10.0000
78.00 10.0000
78.10 10.0000
78.20 10.0000
78.30 10.0000
78.40 10.0000
78.50 10.0000
78.60 10.0000
78.70 10.0000
78.80 10.0000
78.90 10.0000
79.00 10.0000
79.10 10.0000
79.20 10.0000
79.30 10.0000
79.40 10.0000
79.50 10.0000
79.60 10.0000
79.70 10.0000
79.80 10.0000
79.90 10.0000
80.00 10.0000
80.10 10.0000
80.20 10.0000
80.30 10.0000
80.40 10.0000
80.50 10.0000
80.60 10.0000
80.70 10.0000
80.80 10.0000
80.90 10.0000
81.00 10.0000
81.10 10.0000
81.20 10.0000
81.30 10.0000
81.40 10.0000
81.50 10.0000
81.60 10.0000
81.70 10.0000
81.80 10.0000
81.90 10.0000
82.00 10.0000
82.10 10.0000
82.20 10.0000
82.30 10.0000
82.40 10.0000
82.50 10.0000
82.60 10.0000
82.70 10.0000
82.80 10.0000
82.90 10.0000
83.00 10.0000
83.10 10.0000
83.20 10.0000
83.30 10.0000
83.40 10.0000
83.50 10.0000
83.60 10.0000
83.70 10.0000
83.80 10.0000
83.90 10.0000
84.00 10.0000
84.10 10.0000
84.20 10.0000
84.30 10.0000
84.40 10.0000
84.50 10.0000
84.60 10.0000
84.70 10.0000
84.80 10.0000
84.90 10.0000
85.00 10.0000
85.10 10.0000
85.20 10.0000
85.30 10.0000
85.40 10.0000
85.50 10.0000
85.60 10.0000
85.70 10.0000
85.80 10.0000
85.90 10.0000
86.00 10.0000
86.10 10.0000
86.20 10.0000
86.30 10.0000
86.40 10.0000
86.50 10.0000
86.60 10.0000
86.70 10.0000
86.80 10.0000
86.90 10.0000
87.00 10.0000
87.10 10.0000
87.20 10.0000
87.30 10.0000
87.40 10.0000
87.50 10.0000
87.60 10.0000
87.70 10.0000
87.80 10.0000
87.90 10.0000
88.00 10.0000
88.10 10.0000
88.20 10.0000
88.30 10.0000
88.40 10.0000
88.50 10.0000
88.60 10.0000
88.70 10.0000
88.80 10.0000
88.90 10.0000
89.00 10.0000
89.10 10.0000
89.20 10.0000
89.30 10.0000
89.40 10.0000
89.50 10.0000
89.60 10.0000
89.70 10.0000
89.80 10.0000
89.90 10.0000
90.00 10.0000
90.10 10.0000
90.20 10.0000
90.30 10.0000
90.40 10.0000
90.50 10.0000
90.60 10.0000
90.70 10.0000
90.80 10.0000
90.90 10.0000
91.00 10.0000
91.10 10.0000
91.20 10.0000
91.30 10.0000
91.40 10.0000
91.50 10.0000
91.60 10.0000
91.70 10.0000
91.80 10.0000
91.90 10.0000
92.00 10.0000
92.10 10.0000
92.20 10.0000
92.30 10.0000
92.40 10.0000
92.50 10.0000
92.60 10.0000
92.70 10.0000
92.80 10.0000
92.90 10.0000
93.00 10.0000
93.10 10.0000
93.20 10.0000
93.30 10.0000
93.40 10.0000
93.50 10.0000
93.60 10.0000
93.70 10.0000
93.80 10.0000
93.90 10.0000
94.00 10.0000
94.10 10.0000
94.20 10.0000
94.30 10.0000
94.40 10.0000
94.50 10.0000
94.60 10.0000
94.70 10.0000
94.80 10.0000
94.90 10.0000
95.00 10.0000
95.10 10.0000
95.20 10.0000
95.30 10.0000
95.40 10.0000
95.50 10.0000
95.60 10.0000
95.70 10.0000
95.80 10.0000
95.90 10.0000
96.00 10.0000
96.10 10.0000
96.20 10.0000
96.30 10.0000
96.40 10.0000
96.50 10.0000
96.60 10.0000
96.70 10.0000
96.80 10.0000
96.90 10.0000
97.00 10.0000
97.10 10.0000
97.20 10.0000
97.30 10.0000
97.40 10.0000
97.50 10.0000
97.60 10.0000
97.70 10.0000
97.80 10.0000
97.90 10.0000
98.00 10.0000
98.10 10.0000
98.20 10.0000
98.30 10.0000
98.40 10.0000
98.50 10.0000
98.60 10.0000
98.70 10.0000
98.80 10.0000
98.90 10.0000
99.00 10.0000
99.10 10.0000
99.20 10.0000
99.30 10.0000
99.40 10.0000
99.50 10.0000
99.60 10.0000
99.70 10.0000
99.80 10.0000
99.90 10.0000
