0.00 -0.0095
0.10 -0.0256
0.20 -0.0122
0.30 -0.0355
0.40 -0.0441
0.50 -0.0890
0.60 -0.0889
0.70 -0.0868
0.80 -0.1242
0.90 -0.1377
1.00 -0.1338
1.10 -0.0940
1.20 -0.1413
1.30 -0.1327
1.40 -0.1440
1.50 -0.1453
1.60 -0.1924
1.70 -0.1780
1.80 -0.1613
1.90 -0.1493
2.00 -0.1982
2.10 -0.2392
2.20 -0.2465
2.30 -0.2663
2.40 -0.2594
2.50 -0.2610
2.60 -0.2335
2.70 -0.2280
2.80 -0.1971
2.90 -0.2407
3.00 -0.2805
3.10 -0.2954
3.20 -0.3085
3.30 -0.3065
3.40 -0.2945
3.50 -0.3111
3.60 -0.2904
3.70 -0.2851
3.80 -0.2622
3.90 -0.2697
4.00 -0.2609
4.10 -0.3101
4.20 -0.3292
4.30 -0.3504
4.40 -0.3373
4.50 -0.3238
4.60 -0.4202
4.70 -0.4097
4.80 -0.3520
4.90 -0.3153
5.00 -0.3294
5.10 -0.3103
5.20 -0.3193
5.30 -0.2986
5.40 -0.3121
5.50 -0.3267
5.60 -0.3219
5.70 -0.3056
5.80 -0.2460
5.90 -0.2099
6.00 -0.1943
6.10 -0.2110
6.20 -0.2126
6.30 -0.1873
6.40 -0.2159
6.50 -0.1597
6.60 -0.2100
6.70 -0.1888
6.80 -0.1769
6.90 -0.1510
7.00 -0.1313
7.10 -0.1727
7.20 -0.2333
7.30 -0.2150
7.40 -0.1859
7.50 -0.1453
7.60 -0.1138
7.70 -0.1278
7.80 -0.1316
7.90 -0.1896
8.00 -0.1941
8.10 -0.2157
8.20 -0.2524
8.30 -0.2186
8.40 -0.2265
8.50 -0.2429
8.60 -0.2306
8.70 -0.2052
8.80 -0.2593
8.90 -0.2856
9.00 -0.2257
9.10 -0.2392
9.20 -0.2851
9.30 -0.3145
9.40 -0.3085
9.50 -0.2897
9.60 -0.2654
9.70 -0.2870
9.80 -0.3048
9.90 -0.2782
10.00 -0.2726
10.10 -0.2976
10.20 -0.2926
10.30 -0.2402
10.40 -0.2007
10.50 -0.2308
10.60 -0.2686
10.70 -0.2500
10.80 -0.2878
10.90 -0.2883
11.00 -0.2731
11.10 -0.2534
11.20 -0.2659
11.30 -0.2354
11.40 -0.2396
11.50 -0.2159
11.60 -0.2000
11.70 -0.2078
11.80 -0.1712
11.90 -0.1964
12.00 -0.1815
12.10 -0.1783
12.20 -0.1626
12.30 -0.1833
12.40 -0.2219
12.50 -0.2182
12.60 -0.1933
12.70 -0.2084
12.80 -0.2050
12.90 -0.2685
13.00 -0.2858
13.10 -0.3137
13.20 -0.3271
13.30 -0.2916
13.40 -0.3128
13.50 -0.2369
13.60 -0.2591
13.70 -0.2557
13.80 -0.2634
13.90 -0.2506
14.00 -0.2625
14.10 -0.2840
14.20 -0.2923
14.30 -0.3370
14.40 -0.3684
14.50 -0.3503
14.60 -0.3841
14.70 -0.3718
14.80 -0.4042
14.90 -0.4020
15.00 -0.4228
15.10 -0.4844
15.20 -0.4712
15.30 -0.4417
15.40 -0.4424
15.50 -0.4668
15.60 -0.4415
15.70 -0.4513
15.80 -0.4453
15.90 -0.4044
16.00 -0.4032
16.10 -0.4272
16.20 -0.3902
16.30 -0.4262
16.40 -0.4456
16.50 -0.4517
16.60 -0.4359
16.70 -0.4381
16.80 -0.4695
16.90 -0.5297
17.00 -0.4982
17.10 -0.5233
17.20 -0.4815
17.30 -0.4589
17.40 -0.4381
17.50 -0.4135
17.60 -0.4300
17.70 -0.4280
17.80 -0.4741
17.90 -0.4381
18.00 -0.4429
18.10 -0.4464
18.20 -0.4093
18.30 -0.4382
18.40 -0.4826
18.50 -0.5203
18.60 -0.5316
18.70 -0.5568
18.80 -0.6044
18.90 -0.5831
19.00 -0.6154
19.10 -0.5839
19.20 -0.5796
19.30 -0.5706
19.40 -0.5545
19.50 -0.5790
19.60 -0.5915
19.70 -0.6260
19.80 -0.6240
19.90 -0.6047
20.00 -0.6690
20.10 -0.7207
20.20 -0.6773
20.30 -0.6892
20.40 -0.6864
20.50 -0.6744
20.60 -0.6775
20.70 -0.7313
20.80 -0.7382
20.90 -0.7528
21.00 -0.7461
21.10 -0.7216
21.20 -0.7362
21.30 -0.7332
21.40 -0.7837
21.50 -0.7645
21.60 -0.7469
21.70 -0.7719
21.80 -0.8047
21.90 -0.7622
22.00 -0.8014
22.10 -0.8272
22.20 -0.8731
22.30 -0.8703
22.40 -0.8889
22.50 -0.9150
22.60 -0.8761
22.70 -0.8692
22.80 -0.8860
22.90 -0.8583
23.00 -0.8547
23.10 -0.8611
23.20 -0.8838
23.30 -0.8815
23.40 -0.8917
23.50 -0.8593
23.60 -0.8561
23.70 -0.8629
23.80 -0.8441
23.90 -0.8725
24.00 -0.8664
24.10 -0.8693
24.20 -0.8521
24.30 -0.8639
24.40 -0.8300
24.50 -0.8045
24.60 -0.8050
24.70 -0.8258
24.80 -0.8495
24.90 -0.8757
25.00 -0.8976
25.10 -0.8761
25.20 -0.8875
25.30 -0.8842
25.40 -0.9259
25.50 -0.9396
25.60 -0.9428
25.70 -0.9581
25.80 -0.9778
25.90 -1.0112
26.00 -0.9705
26.10 -0.9186
26.20 -0.9104
26.30 -0.9614
26.40 -0.9495
26.50 -0.9442
26.60 -0.9673
26.70 -0.9040
26.80 -0.8986
26.90 -0.9265
27.00 -0.9308
27.10 -0.8857
27.20 -0.9375
27.30 -0.9667
27.40 -0.9260
27.50 -0.9133
27.60 -0.9621
27.70 -0.9860
27.80 -1.0210
27.90 -0.9889
28.00 -1.0169
28.10 -1.0016
28.20 -1.0432
28.30 -1.0448
28.40 -1.0450
28.50 -1.1106
28.60 -1.1276
28.70 -1.1636
28.80 -1.1418
28.90 -1.1461
29.00 -1.1640
29.10 -1.1735
29.20 -1.1071
29.30 -1.1194
29.40 -1.1399
29.50 -1.0905
29.60 -1.1578
29.70 -1.1500
29.80 -1.1692
29.90 -1.1045
30.00 -1.0997
30.10 -1.0843
30.20 -1.0933
30.30 -1.0697
30.40 -1.1009
30.50 -1.1366
30.60 -1.1363
30.70 -1.1012
30.80 -1.1097
30.90 -1.1027
31.00 -1.0956
31.10 -1.0493
31.20 -1.0112
31.30 -1.0417
31.40 -0.9988
31.50 -0.9057
31.60 -0.9063
31.70 -0.8889
31.80 -0.8796
31.90 -0.8798
32.00 -0.8472
32.10 -0.8209
32.20 -0.8231
32.30 -0.8096
32.40 -0.8056
32.50 -0.7578
32.60 -0.7738
32.70 -0.8348
32.80 -0.8389
32.90 -0.8189
33.00 -0.8119
33.10 -0.8133
33.20 -0.8688
33.30 -0.8604
33.40 -0.8097
33.50 -0.8293
33.60 -0.8148
33.70 -0.8053
33.80 -0.7884
33.90 -0.7929
34.00 -0.8123
34.10 -0.7451
34.20 -0.7922
34.30 -0.7740
34.40 -0.8054
34.50 -0.8200
34.60 -0.8190
34.70 -0.7743
34.80 -0.8211
34.90 -0.7656
35.00 -0.7868
35.10 -0.7855
35.20 -0.7658
35.30 -0.7556
35.40 -0.7700
35.50 -0.7641
35.60 -0.7319
35.70 -0.6901
35.80 -0.6800
35.90 -0.6920
36.00 -0.7794
36.10 -0.7709
36.20 -0.7898
36.30 -0.7564
36.40 -0.7386
36.50 -0.7387
36.60 -0.7568
36.70 -0.7829
36.80 -0.8289
36.90 -0.7586
37.00 -0.8330
37.10 -0.7777
37.20 -0.7856
37.30 -0.8391
37.40 -0.8382
37.50 -0.8306
37.60 -0.8325
37.70 -0.8195
37.80 -0.8893
37.90 -0.8479
38.00 -0.8073
38.10 -0.8086
38.20 -0.7588
38.30 -0.7041
38.40 -0.6805
38.50 -0.7143
38.60 -0.7226
38.70 -0.6908
38.80 -0.6916
38.90 -0.7258
39.00 -0.7256
39.10 -0.6587
39.20 -0.6619
39.30 -0.6306
39.40 -0.6170
39.50 -0.6062
39.60 -0.6070
39.70 -0.6362
39.80 -0.6054
39.90 -0.6166
40.00 -0.6553
40.10 -0.6237
40.20 -0.6574
40.30 -0.6461
40.40 -0.6141
40.50 -0.6047
40.60 -0.6494
40.70 -0.6263
40.80 -0.6384
40.90 -0.6383
41.00 -0.6335
41.10 -0.5561
41.20 -0.5401
41.30 -0.5500
41.40 -0.5856
41.50 -0.5685
41.60 -0.5702
41.70 -0.5600
41.80 -0.5474
41.90 -0.4997
42.00 -0.4754
42.10 -0.4701
42.20 -0.4516
42.30 -0.4859
42.40 -0.4794
42.50 -0.4738
42.60 -0.4648
42.70 -0.3875
42.80 -0.3971
42.90 -0.3765
43.00 -0.4185
43.10 -0.4557
43.20 -0.4501
43.30 -0.4537
43.40 -0.4643
43.50 -0.4653
43.60 -0.4605
43.70 -0.4290
43.80 -0.4390
43.90 -0.4541
44.00 -0.4636
44.10 -0.4874
44.20 -0.4355
44.30 -0.5236
44.40 -0.5525
44.50 -0.5117
44.60 -0.5455
44.70 -0.5192
44.80 -0.5177
44.90 -0.4834
45.00 -0.4463
45.10 -0.5061
45.20 -0.5259
45.30 -0.5057
45.40 -0.5404
45.50 -0.5280
45.60 -0.5142
45.70 -0.5010
45.80 -0.5560
45.90 -0.5626
46.00 -0.6089
46.10 -0.6026
46.20 -0.6337
46.30 -0.5758
46.40 -0.5625
46.50 -0.5491
46.60 -0.5479
46.70 -0.5386
46.80 -0.4491
46.90 -0.4548
47.00 -0.4570
47.10 -0.4527
47.20 -0.4658
47.30 -0.4692
47.40 -0.4775
47.50 -0.5207
47.60 -0.4852
47.70 -0.5050
47.80 -0.5490
47.90 -0.5299
48.00 -0.5617
48.10 -0.5798
48.20 -0.5801
48.30 -0.5595
48.40 -0.5474
48.50 -0.5386
48.60 -0.5634
48.70 -0.5468
48.80 -0.5379
48.90 -0.5360
49.00 -0.4917
49.10 -0.4925
49.20 -0.4433
49.30 -0.4446
49.40 -0.4289
49.50 -0.4772
49.60 -0.4835
49.70 -0.5122
49.80 -0.5472
49.90 -0.5194
50.00 2.4721
50.10 2.5128
50.20 2.5048
50.30 2.4995
50.40 2.5202
50.50 2.5017
50.60 2.5331
50.70 2.5309
50.80 2.5510
50.90 2.5811
51.00 2.5989
51.10 2.6141
51.20 2.6002
51.30 2.6959
51.40 2.7138
51.50 2.6751
51.60 2.6464
51.70 2.6099
51.80 2.6271
51.90 2.6366
52.00 2.6112
52.10 2.6229
52.20 2.6109
52.30 2.6043
52.40 2.5802
52.50 2.5650
52.60 2.5820
52.70 2.6030
52.80 2.6336
52.90 2.6214
53.00 2.6010
53.10 2.5538
53.20 2.5545
53.30 2.5713
53.40 2.5317
53.50 2.4902
53.60 2.4871
53.70 2.5202
53.80 2.5250
53.90 2.5628
54.00 2.5959
54.10 2.5295
54.20 2.4982
54.30 2.5502
54.40 2.5963
54.50 2.6010
54.60 2.6329
54.70 2.6252
54.80 2.6861
54.90 2.7133
55.00 2.7328
55.10 2.7283
55.20 2.6586
55.30 2.6365
55.40 2.5860
55.50 2.6075
55.60 2.6153
55.70 2.6031
55.80 2.6216
55.90 2.5833
56.00 2.5715
56.10 2.6121
56.20 2.6007
56.30 2.6126
56.40 2.6327
56.50 2.6242
56.60 2.7067
56.70 2.6773
56.80 2.6654
56.90 2.6002
57.00 2.6212
57.10 2.5770
57.20 2.6044
57.30 2.6034
57.40 2.6428
57.50 2.6657
57.60 2.6138
57.70 2.5901
57.80 2.5300
57.90 2.5282
58.00 2.5750
58.10 2.6093
58.20 2.6008
58.30 2.5951
58.40 2.5849
58.50 2.6276
58.60 2.6068
58.70 2.6291
58.80 2.6118
58.90 2.5683
59.00 2.5573
59.10 2.5793
59.20 2.5721
59.30 2.5824
59.40 2.5448
59.50 2.5397
59.60 2.5457
59.70 2.5212
59.80 2.4970
59.90 2.4872
60.00 2.4754
60.10 2.4480
60.20 2.4221
60.30 2.4461
60.40 2.4291
60.50 2.4121
60.60 2.3909
60.70 2.3830
60.80 2.4052
60.90 2.3775
61.00 2.3238
61.10 2.3118
61.20 2.2886
61.30 2.3039
61.40 2.2784
61.50 2.2934
61.60 2.2921
61.70 2.3535
61.80 2.3784
61.90 2.3407
62.00 2.3580
62.10 2.3489
62.20 2.3209
62.30 2.3628
62.40 2.3143
62.50 2.3782
62.60 2.4099
62.70 2.4091
62.80 2.4637
62.90 2.4821
63.00 2.4845
63.10 2.4287
63.20 2.4232
63.30 2.4035
63.40 2.4382
63.50 2.5454
63.60 2.5017
63.70 2.4999
63.80 2.5762
63.90 2.6000
64.00 2.5353
64.10 2.4788
64.20 2.4727
64.30 2.4310
64.40 2.4166
64.50 2.4683
64.60 2.4652
64.70 2.4103
64.80 2.4483
64.90 2.4362
65.00 2.4422
65.10 2.4260
65.20 2.4134
65.30 2.3785
65.40 2.3365
65.50 2.3097
65.60 2.2806
65.70 2.3333
65.80 2.3220
65.90 2.3238
66.00 2.3605
66.10 2.3066
66.20 2.3658
66.30 2.3826
66.40 2.3249
66.50 2.3213
66.60 2.3244
66.70 2.2785
66.80 2.2815
66.90 2.2584
67.00 2.2441
67.10 2.2279
67.20 2.2611
67.30 2.2788
67.40 2.2684
67.50 2.2820
67.60 2.2558
67.70 2.2447
67.80 2.2325
67.90 2.1794
68.00 2.2506
68.10 2.2946
68.20 2.3109
68.30 2.3209
68.40 2.3324
68.50 2.3243
68.60 2.2672
68.70 2.2543
68.80 2.2445
68.90 2.2853
69.00 2.2835
69.10 2.2296
69.20 2.2402
69.30 2.1958
69.40 2.2054
69.50 2.1965
69.60 2.1774
69.70 2.2403
69.80 2.2380
69.90 2.2637
70.00 2.2593
70.10 2.2379
70.20 2.2435
70.30 2.2564
70.40 2.2269
70.50 2.2192
70.60 2.1719
70.70 2.1720
70.80 2.1475
70.90 2.1738
71.00 2.1988
71.10 2.1407
71.20 2.1645
71.30 2.1184
71.40 2.1513
71.50 2.1488
71.60 2.0760
71.70 2.0447
71.80 2.0677
71.90 2.1330
72.00 2.1573
72.10 2.1110
72.20 2.0484
72.30 2.0529
72.40 2.0194
72.50 1.9826
72.60 2.0116
72.70 2.0099
72.80 1.9754
72.90 2.0044
73.00 2.0174
73.10 2.0152
73.20 2.0059
73.30 2.0124
73.40 1.9797
73.50 2.0119
73.60 2.0378
73.70 2.0426
73.80 2.0284
73.90 2.0195
74.00 2.0134
74.10 2.0317
74.20 2.0322
74.30 2.1048
74.40 2.0791
74.50 2.0053
74.60 2.0141
74.70 2.0871
74.80 2.1208
74.90 2.0946
75.00 2.0699
75.10 2.1059
75.20 2.0246
75.30 2.0234
75.40 2.0288
75.50 1.9678
75.60 1.9996
75.70 1.9958
75.80 1.9700
75.90 1.9905
76.00 1.9961
76.10 2.0180
76.20 2.0010
76.30 1.9822
76.40 1.9455
76.50 1.9000
76.60 1.8968
76.70 1.8905
76.80 1.9566
76.90 1.9456
77.00 1.9639
77.10 1.9425
77.20 1.9314
77.30 1.9351
77.40 1.9844
77.50 1.9926
77.60 2.0079
77.70 2.0291
77.80 1.9928
77.90 2.0074
78.00 1.9758
78.10 1.9445
78.20 1.9144
78.30 1.9186
78.40 1.8961
78.50 1.8843
78.60 1.8691
78.70 1.8672
78.80 1.8433
78.90 1.8201
79.00 1.8239
79.10 1.8306
79.20 1.8648
79.30 1.8699
79.40 1.8502
79.50 1.9215
79.60 1.9226
79.70 1.9301
79.80 1.9200
79.90 1.9272
80.00 1.8892
80.10 1.8736
80.20 1.9393
80.30 1.9276
80.40 1.9596
80.50 1.9882
80.60 1.9495
80.70 1.9468
80.80 1.9079
80.90 1.8492
81.00 1.9091
81.10 1.8403
81.20 1.8684
81.30 1.8767
81.40 1.8707
81.50 1.9267
81.60 1.9336
81.70 1.9491
81.80 1.9109
81.90 1.9180
82.00 1.8453
82.10 1.8409
82.20 1.9010
82.30 1.9433
82.40 1.9558
82.50 1.9706
82.60 1.9716
82.70 1.9751
82.80 2.0193
82.90 2.0585
83.00 2.0736
83.10 2.0949
83.20 2.0840
83.30 2.0666
83.40 2.0364
83.50 2.0117
83.60 1.9756
83.70 1.9541
83.80 1.9397
83.90 1.9322
84.00 1.9663
84.10 2.0216
84.20 1.9624
84.30 1.9596
84.40 1.9461
84.50 1.9218
84.60 1.9263
84.70 1.9149
84.80 1.8530
84.90 1.8549
85.00 1.8587
85.10 1.8617
85.20 1.8678
85.30 1.8287
85.40 1.8332
85.50 1.8519
85.60 1.8292
85.70 1.8161
85.80 1.8035
85.90 1.7872
86.00 1.8211
86.10 1.9026
86.20 1.8976
86.30 1.9050
86.40 1.9654
86.50 1.9935
86.60 1.9427
86.70 1.9463
86.80 1.9204
86.90 1.8999
87.00 1.9014
87.10 1.8919
87.20 1.8463
87.30 1.8737
87.40 1.8974
87.50 1.9256
87.60 1.9390
87.70 1.9394
87.80 1.8983
87.90 1.9084
88.00 1.9453
88.10 1.9578
88.20 1.9291
88.30 1.9117
88.40 1.9342
88.50 1.9807
88.60 1.9364
88.70 1.9173
88.80 1.8803
88.90 1.8557
89.00 1.8529
89.10 1.8597
89.20 1.8708
89.30 1.8839
89.40 1.8582
89.50 1.9006
89.60 1.9194
89.70 1.9137
89.80 1.9478
89.90 1.9441
90.00 1.9788
90.10 1.9655
90.20 1.9871
90.30 2.0345
90.40 2.1014
90.50 2.0972
90.60 2.1070
90.70 2.0671
90.80 2.0635
90.90 2.0746
91.00 2.1496
91.10 2.1081
91.20 2.0636
91.30 2.0767
91.40 2.0268
91.50 2.0200
91.60 2.0111
91.70 2.0184
91.80 1.9838
91.90 2.0044
92.00 1.9970
92.10 2.0728
92.20 2.0755
92.30 2.0736
92.40 2.0572
92.50 2.0480
92.60 2.0197
92.70 2.0630
92.80 2.0360
92.90 2.0055
93.00 2.0147
93.10 1.9958
93.20 2.0310
93.30 2.0060
93.40 2.0005
93.50 1.9612
93.60 1.9628
93.70 1.9665
93.80 1.9855
93.90 2.0189
94.00 2.0064
94.10 2.0125
94.20 2.0464
94.30 2.0571
94.40 2.0639
94.50 2.0551
94.60 2.0990
94.70 2.0906
94.80 2.1143
94.90 2.1005
95.00 2.0564
95.10 2.0815
95.20 2.1057
95.30 2.0624
95.40 2.0376
95.50 2.0258
95.60 2.0394
95.70 2.0523
95.80 2.0625
95.90 2.0894
96.00 2.1099
96.10 2.0914
96.20 2.1029
96.30 2.0929
96.40 2.1095
96.50 2.1608
96.60 2.1896
96.70 2.1704
96.80 2.1489
96.90 2.1378
97.00 2.1559
97.10 2.1647
97.20 2.0893
97.30 2.0988
97.40 2.1229
97.50 2.1764
97.60 2.1403
97.70 2.1691
97.80 2.1194
97.90 2.0797
98.00 2.1121
98.10 2.0975
98.20 2.0906
98.30 2.0716
98.40 2.0977
98.50 2.1837
98.60 2.1910
98.70 2.2100
98.80 2.2017
98.90 2.1840
99.00 2.1790
99.10 2.1755
99.20 2.1425
99.30 2.1776
99.40 2.2086
99.50 2.2239
99.60 2.2184
99.70 2.2589
99.80 2.2689
99.90 2.2335
