0.49 -1.4585
1.49 -0.9979
2.49 0.3847
3.49 -2.2076
4.49 -0.5720
5.49 -0.9715
6.49 -0.1449
7.49 -1.0285
8.49 -0.7425
9.49 2.0514
10.49 -0.1417
11.49 0.2515
12.49 0.2464
13.49 -0.8279
14.49 -1.1174
15.49 0.9857
16.49 -1.0268
17.49 -0.5939
18.49 -1.2747
19.49 0.9463
20.49 0.6290
21.49 0.6383
22.49 -2.5705
23.49 -1.0019
24.49 -0.5412
25.49 -0.8207
26.49 -1.1973
27.49 -2.2812
28.49 0.2742
29.49 -1.2836
30.49 -1.5040
31.49 -0.5964
32.49 -2.6308
33.49 -0.5397
34.49 -1.4435
35.49 -1.3268
36.49 0.0430
37.49 -0.7017
38.49 -0.2267
39.49 -1.3669
40.49 -0.2148
41.49 -1.0332
42.49 0.3665
43.49 -1.9254
44.49 -0.9733
45.49 -1.7524
46.49 0.7291
47.49 -2.1319
48.49 -1.5599
49.49 1.1325
50.49 3.5050
51.49 2.9000
52.49 1.8055
53.49 3.1156
54.49 1.0392
55.49 2.1556
56.49 3.5406
57.49 4.4627
58.49 2.7643
59.49 2.5019
60.49 1.7861
61.49 2.7945
62.49 3.1742
63.49 3.5526
64.49 4.0610
65.49 1.8699
66.49 2.4394
67.49 3.0726
68.49 0.4408
69.49 2.6282
70.49 2.8254
71.49 1.3217
72.49 1.5275
73.49 4.2802
74.49 3.5138
75.49 0.5810
76.49 1.9314
77.49 1.3552
78.49 3.6850
79.49 2.9182
80.49 1.6240
81.49 1.5669
82.49 3.2552
83.49 2.2691
84.49 2.7777
85.49 2.2667
86.49 2.1575
87.49 1.0698
88.49 2.5862
89.49 1.9739
90.49 2.5456
91.49 2.8817
92.49 1.7596
93.49 2.2242
94.49 2.1585
95.49 1.8123
96.49 1.9714
97.49 0.5791
98.49 2.0874
99.49 2.0414
