0.00 -0.0460
0.10 -0.3166
0.20 -0.0400
0.30 -0.1030
0.40 -0.0211
0.50 0.0062
0.60 -0.1996
0.70 -0.7393
0.80 -0.6450
0.90 -0.6165
1.00 -0.6930
1.10 -0.8086
1.20 -0.9621
1.30 -0.8775
1.40 -0.8166
1.50 -0.7670
1.60 -0.7313
1.70 -0.6344
1.80 -0.7546
1.90 -0.6636
2.00 -0.7589
2.10 -0.6382
2.20 -0.6880
2.30 -0.6478
2.40 -0.6099
2.50 -0.5603
2.60 -0.7241
2.70 -0.7025
2.80 -0.5207
2.90 -0.5749
3.00 -0.5068
3.10 -0.5661
3.20 -0.7067
3.30 -0.7406
3.40 -0.8197
3.50 -0.8067
3.60 -0.8175
3.70 -0.8228
3.80 -0.8532
3.90 -0.8215
4.00 -0.8711
4.10 -0.8246
4.20 -0.7915
4.30 -0.7353
4.40 -0.7627
4.50 -0.8244
4.60 -0.8356
4.70 -0.8327
4.80 -0.7289
4.90 -0.7083
5.00 -0.7969
5.10 -0.8421
5.20 -0.8202
5.30 -0.8067
5.40 -0.9319
5.50 -0.9835
5.60 -0.9533
5.70 -0.8779
5.80 -0.9197
5.90 -0.9283
6.00 -0.8361
6.10 -0.8624
6.20 -0.8112
6.30 -0.7878
6.40 -0.8447
6.50 -0.8889
6.60 -0.8472
6.70 -0.8687
6.80 -0.7955
6.90 -0.7199
7.00 -0.7391
7.10 -0.7611
7.20 -0.6902
7.30 -0.7864
7.40 -0.7924
7.50 -0.7894
7.60 -0.8360
7.70 -0.8214
7.80 -0.8129
7.90 -0.7857
8.00 -0.7615
8.10 -0.6813
8.20 -0.6864
8.30 -0.6819
8.40 -0.6537
8.50 -0.7143
8.60 -0.8080
8.70 -0.7442
8.80 -0.7317
8.90 -0.7767
9.00 -0.7664
9.10 -0.7619
9.20 -0.7805
9.30 -0.7003
9.40 -0.6813
9.50 -0.6628
9.60 -0.6144
9.70 -0.6200
9.80 -0.4962
9.90 -0.4767
10.00 -0.4281
10.10 -0.4811
10.20 -0.4746
10.30 -0.4866
10.40 -0.5090
10.50 -0.4863
10.60 -0.4741
10.70 -0.4698
10.80 -0.4414
10.90 -0.4379
11.00 -0.4007
11.10 -0.3823
11.20 -0.3658
11.30 -0.2605
11.40 -0.3032
11.50 -0.2768
11.60 -0.2750
11.70 -0.3468
11.80 -0.3631
11.90 -0.3558
12.00 -0.3293
12.10 -0.3628
12.20 -0.3157
12.30 -0.2921
12.40 -0.3410
12.50 -0.3168
12.60 -0.2184
12.70 -0.2295
12.80 -0.2186
12.90 -0.2523
13.00 -0.2603
13.10 -0.3236
13.20 -0.3109
13.30 -0.3283
13.40 -0.3414
13.50 -0.3143
13.60 -0.2979
13.70 -0.2984
13.80 -0.3267
13.90 -0.3374
14.00 -0.3338
14.10 -0.3790
14.20 -0.3236
14.30 -0.2957
14.40 -0.3054
14.50 -0.2944
14.60 -0.3149
14.70 -0.3369
14.80 -0.3947
14.90 -0.4371
15.00 -0.4064
15.10 -0.3730
15.20 -0.3979
15.30 -0.4059
15.40 -0.3778
15.50 -0.3398
15.60 -0.3401
15.70 -0.3227
15.80 -0.3117
15.90 -0.2978
16.00 -0.2603
16.10 -0.2685
16.20 -0.2811
16.30 -0.2644
16.40 -0.2560
16.50 -0.2948
16.60 -0.2752
16.70 -0.2895
16.80 -0.3171
16.90 -0.3094
17.00 -0.3377
17.10 -0.3403
17.20 -0.3242
17.30 -0.3083
17.40 -0.2853
17.50 -0.3402
17.60 -0.3020
17.70 -0.3350
17.80 -0.3823
17.90 -0.4148
18.00 -0.3903
18.10 -0.4495
18.20 -0.4588
18.30 -0.5141
18.40 -0.5246
18.50 -0.4869
18.60 -0.4726
18.70 -0.4661
18.80 -0.4797
18.90 -0.4718
19.00 -0.4319
19.10 -0.4092
19.20 -0.4471
19.30 -0.3717
19.40 -0.3610
19.50 -0.3400
19.60 -0.3701
19.70 -0.3621
19.80 -0.3584
19.90 -0.3315
20.00 -0.3228
20.10 -0.3115
20.20 -0.2606
20.30 -0.2166
20.40 -0.2138
20.50 -0.2290
20.60 -0.2288
20.70 -0.2082
20.80 -0.2134
20.90 -0.2319
21.00 -0.2214
21.10 -0.2138
21.20 -0.1664
21.30 -0.1613
21.40 -0.1467
21.50 -0.1551
21.60 -0.1558
21.70 -0.1104
21.80 -0.1114
21.90 -0.1217
22.00 -0.1201
22.10 -0.1066
22.20 -0.1238
22.30 -0.1338
22.40 -0.1809
22.50 -0.2108
22.60 -0.1955
22.70 -0.2417
22.80 -0.2944
22.90 -0.3727
23.00 -0.3733
23.10 -0.3904
23.20 -0.4060
23.30 -0.4170
23.40 -0.3963
23.50 -0.3764
23.60 -0.3945
23.70 -0.3224
23.80 -0.3759
23.90 -0.4399
24.00 -0.4658
24.10 -0.4805
24.20 -0.5168
24.30 -0.5140
24.40 -0.5036
24.50 -0.5238
24.60 -0.5146
24.70 -0.4394
24.80 -0.4745
24.90 -0.4752
25.00 -0.4321
25.10 -0.4069
25.20 -0.3965
25.30 -0.3898
25.40 -0.3871
25.50 -0.4093
25.60 -0.4584
25.70 -0.4774
25.80 -0.4959
25.90 -0.4846
26.00 -0.4939
26.10 -0.5204
26.20 -0.5035
26.30 -0.4809
26.40 -0.4986
26.50 -0.5262
26.60 -0.5259
26.70 -0.5433
26.80 -0.5691
26.90 -0.5933
27.00 -0.5650
27.10 -0.6378
27.20 -0.6686
27.30 -0.7165
27.40 -0.7651
27.50 -0.7456
27.60 -0.7828
27.70 -0.7871
27.80 -0.7880
27.90 -0.7425
28.00 -0.7084
28.10 -0.6610
28.20 -0.6526
28.30 -0.7051
28.40 -0.6891
28.50 -0.6048
28.60 -0.6033
28.70 -0.6301
28.80 -0.6012
28.90 -0.6353
29.00 -0.6180
29.10 -0.6319
29.20 -0.6658
29.30 -0.6707
29.40 -0.7435
29.50 -0.7627
29.60 -0.7511
29.70 -0.7438
29.80 -0.7146
29.90 -0.7170
30.00 -0.6727
30.10 -0.6740
30.20 -0.6910
30.30 -0.7014
30.40 -0.7275
30.50 -0.7355
30.60 -0.7061
30.70 -0.7110
30.80 -0.7728
30.90 -0.7764
31.00 -0.7691
31.10 -0.8187
31.20 -0.8375
31.30 -0.7542
31.40 -0.7886
31.50 -0.7563
31.60 -0.7208
31.70 -0.7185
31.80 -0.6928
31.90 -0.7398
32.00 -0.7456
32.10 -0.7393
32.20 -0.8067
32.30 -0.8133
32.40 -0.8677
32.50 -0.8713
32.60 -0.8520
32.70 -0.8641
32.80 -0.8721
32.90 -0.8715
33.00 -0.9000
33.10 -0.8873
33.20 -0.9226
33.30 -0.9314
33.40 -0.9510
33.50 -0.9135
33.60 -0.9675
33.70 -0.9268
33.80 -0.8859
33.90 -0.9012
34.00 -0.8900
34.10 -0.8855
34.20 -0.8796
34.30 -0.9089
34.40 -0.9283
34.50 -0.9482
34.60 -0.9526
34.70 -0.9899
34.80 -0.9715
34.90 -0.9507
35.00 -0.9356
35.10 -0.9163
35.20 -0.9422
35.30 -0.9473
35.40 -0.9174
35.50 -0.9668
35.60 -0.9944
35.70 -1.0075
35.80 -0.9958
35.90 -0.9939
36.00 -0.9821
36.10 -0.9912
36.20 -0.9722
36.30 -0.9568
36.40 -0.9678
36.50 -0.9521
36.60 -0.9467
36.70 -0.9634
36.80 -0.9778
36.90 -0.9201
37.00 -0.8637
37.10 -0.8273
37.20 -0.8379
37.30 -0.8378
37.40 -0.8266
37.50 -0.8657
37.60 -0.8870
37.70 -0.8763
37.80 -0.8610
37.90 -0.8510
38.00 -0.8460
38.10 -0.8122
38.20 -0.7883
38.30 -0.7888
38.40 -0.7672
38.50 -0.7632
38.60 -0.8037
38.70 -0.8255
38.80 -0.8433
38.90 -0.7957
39.00 -0.8108
39.10 -0.8161
39.20 -0.7642
39.30 -0.7757
39.40 -0.7915
39.50 -0.8443
39.60 -0.8447
39.70 -0.8485
39.80 -0.8693
39.90 -0.8658
40.00 -0.8288
40.10 -0.8830
40.20 -0.8711
40.30 -0.8555
40.40 -0.8414
40.50 -0.8429
40.60 -0.8672
40.70 -0.8038
40.80 -0.7973
40.90 -0.7855
41.00 -0.7793
41.10 -0.8192
41.20 -0.8608
41.30 -0.8615
41.40 -0.7795
41.50 -0.7608
41.60 -0.7637
41.70 -0.7701
41.80 -0.7612
41.90 -0.8010
42.00 -0.8133
42.10 -0.8109
42.20 -0.7740
42.30 -0.7460
42.40 -0.7451
42.50 -0.7102
42.60 -0.7204
42.70 -0.7552
42.80 -0.7566
42.90 -0.7249
43.00 -0.7142
43.10 -0.6924
43.20 -0.7056
43.30 -0.7298
43.40 -0.7347
43.50 -0.7679
43.60 -0.7713
43.70 -0.8224
43.80 -0.8357
43.90 -0.8146
44.00 -0.8232
44.10 -0.7788
44.20 -0.7692
44.30 -0.7977
44.40 -0.7898
44.50 -0.7783
44.60 -0.8326
44.70 -0.8217
44.80 -0.8261
44.90 -0.8064
45.00 -0.8307
45.10 -0.8321
45.20 -0.8644
45.30 -0.8709
45.40 -0.8520
45.50 -0.8741
45.60 -0.8796
45.70 -0.9154
45.80 -0.9221
45.90 -0.9300
46.00 -0.9059
46.10 -0.9305
46.20 -0.9163
46.30 -0.8523
46.40 -0.8795
46.50 -0.8569
46.60 -0.8378
46.70 -0.7874
46.80 -0.7722
46.90 -0.7309
47.00 -0.7689
47.10 -0.8022
47.20 -0.8180
47.30 -0.8564
47.40 -0.8806
47.50 -0.9160
47.60 -0.9117
47.70 -0.9390
47.80 -0.9176
47.90 -0.9009
48.00 -0.8732
48.10 -0.8710
48.20 -0.8489
48.30 -0.8923
48.40 -0.9053
48.50 -0.9394
48.60 -0.9916
48.70 -0.9614
48.80 -0.9237
48.90 -0.9438
49.00 -0.9510
49.10 -1.0021
49.20 -0.9735
49.30 -0.9545
49.40 -0.8756
49.50 -0.8759
49.60 -0.8538
49.70 -0.8089
49.80 -0.7952
49.90 -0.7894
50.00 -0.6657
50.10 -0.1359
50.20 -0.0066
50.30 0.3471
50.40 0.3739
50.50 0.9228
50.60 0.9941
50.70 1.1649
50.80 1.1910
50.90 1.2531
51.00 1.4113
51.10 1.4845
51.20 1.5755
51.30 1.5502
51.40 1.5942
51.50 1.6466
51.60 1.7056
51.70 1.8701
51.80 1.8474
51.90 1.8752
52.00 1.8447
52.10 1.7926
52.20 1.7564
52.30 1.5546
52.40 1.6522
52.50 1.7446
52.60 1.6994
52.70 1.7027
52.80 1.7372
52.90 1.9399
53.00 1.9232
53.10 1.8469
53.20 1.9146
53.30 2.0457
53.40 1.9413
53.50 2.0479
53.60 2.0344
53.70 2.0333
53.80 2.0403
53.90 2.0862
54.00 2.1676
54.10 2.0693
54.20 2.0812
54.30 2.0936
54.40 1.9965
54.50 1.9397
54.60 2.0344
54.70 2.0496
54.80 2.0129
54.90 1.9739
55.00 1.9564
55.10 2.0178
55.20 2.0072
55.30 1.9704
55.40 1.9719
55.50 1.8978
55.60 1.8448
55.70 1.9119
55.80 1.9954
55.90 2.0217
56.00 1.9877
56.10 2.0487
56.20 2.0959
56.30 2.1005
56.40 2.1085
56.50 2.1825
56.60 2.1909
56.70 2.2782
56.80 2.2522
56.90 2.2181
57.00 2.1810
57.10 2.1641
57.20 2.2350
57.30 2.2621
57.40 2.2635
57.50 2.3447
57.60 2.3482
57.70 2.3697
57.80 2.3806
57.90 2.4329
58.00 2.5218
58.10 2.4913
58.20 2.4546
58.30 2.5177
58.40 2.5184
58.50 2.4641
58.60 2.4972
58.70 2.5871
58.80 2.6000
58.90 2.5466
59.00 2.5243
59.10 2.5303
59.20 2.6047
59.30 2.6457
59.40 2.6364
59.50 2.6136
59.60 2.6546
59.70 2.6007
59.80 2.5839
59.90 2.5379
60.00 2.5424
60.10 2.5025
60.20 2.4805
60.30 2.4949
60.40 2.4805
60.50 2.4614
60.60 2.3806
60.70 2.4495
60.80 2.4760
60.90 2.4493
61.00 2.4567
61.10 2.4924
61.20 2.5075
61.30 2.5317
61.40 2.5228
61.50 2.5112
61.60 2.4975
61.70 2.4577
61.80 2.5167
61.90 2.4915
62.00 2.4910
62.10 2.5364
62.20 2.4746
62.30 2.4873
62.40 2.5191
62.50 2.5260
62.60 2.4579
62.70 2.4941
62.80 2.5306
62.90 2.5209
63.00 2.5505
63.10 2.5796
63.20 2.6360
63.30 2.6446
63.40 2.6733
63.50 2.6080
63.60 2.6479
63.70 2.6293
63.80 2.6027
63.90 2.6355
64.00 2.6536
64.10 2.7217
64.20 2.6980
64.30 2.7707
64.40 2.7602
64.50 2.7871
64.60 2.8374
64.70 2.8324
64.80 2.8122
64.90 2.7952
65.00 2.8156
65.10 2.7997
65.20 2.8394
65.30 2.8090
65.40 2.8155
65.50 2.8041
65.60 2.8301
65.70 2.7802
65.80 2.7242
65.90 2.6754
66.00 2.7041
66.10 2.6992
66.20 2.6927
66.30 2.6757
66.40 2.7753
66.50 2.7546
66.60 2.7612
66.70 2.7746
66.80 2.7567
66.90 2.7077
67.00 2.6819
67.10 2.7374
67.20 2.7051
67.30 2.7127
67.40 2.7310
67.50 2.7088
67.60 2.7258
67.70 2.7088
67.80 2.7232
67.90 2.7405
68.00 2.7194
68.10 2.6964
68.20 2.7050
68.30 2.6703
68.40 2.6809
68.50 2.6304
68.60 2.5868
68.70 2.5440
68.80 2.5308
68.90 2.5477
69.00 2.4799
69.10 2.5369
69.20 2.4936
69.30 2.5040
69.40 2.4134
69.50 2.4075
69.60 2.4295
69.70 2.4514
69.80 2.4564
69.90 2.4613
70.00 2.4937
70.10 2.4658
70.20 2.4421
70.30 2.4445
70.40 2.4533
70.50 2.4734
70.60 2.4941
70.70 2.5258
70.80 2.4948
70.90 2.5591
71.00 2.5277
71.10 2.5357
71.20 2.4947
71.30 2.4796
71.40 2.4836
71.50 2.4905
71.60 2.4565
71.70 2.3721
71.80 2.3751
71.90 2.4053
72.00 2.4318
72.10 2.4410
72.20 2.4171
72.30 2.4343
72.40 2.4304
72.50 2.3872
72.60 2.4087
72.70 2.3738
72.80 2.3553
72.90 2.2974
73.00 2.3197
73.10 2.3249
73.20 2.3770
73.30 2.3728
73.40 2.3832
73.50 2.4316
73.60 2.4147
73.70 2.4343
73.80 2.4511
73.90 2.5018
74.00 2.5185
74.10 2.5164
74.20 2.5401
74.30 2.5218
74.40 2.5262
74.50 2.5323
74.60 2.5622
74.70 2.5491
74.80 2.5572
74.90 2.5499
75.00 2.6194
75.10 2.5901
75.20 2.5999
75.30 2.5408
75.40 2.5167
75.50 2.4595
75.60 2.4826
75.70 2.4157
75.80 2.4226
75.90 2.3789
76.00 2.4165
76.10 2.3822
76.20 2.3867
76.30 2.3623
76.40 2.3767
76.50 2.4309
76.60 2.4446
76.70 2.4562
76.80 2.4453
76.90 2.4038
77.00 2.3806
77.10 2.4043
77.20 2.4188
77.30 2.4064
77.40 2.3635
77.50 2.3429
77.60 2.3406
77.70 2.3619
77.80 2.3340
77.90 2.2977
78.00 2.2911
78.10 2.2944
78.20 2.2613
78.30 2.3328
78.40 2.3810
78.50 2.4088
78.60 2.4529
78.70 2.3960
78.80 2.4168
78.90 2.3982
79.00 2.4280
79.10 2.4421
79.20 2.4635
79.30 2.4226
79.40 2.4957
79.50 2.5053
79.60 2.5026
79.70 2.5287
79.80 2.4635
79.90 2.4745
80.00 2.4391
80.10 2.4489
80.20 2.4807
80.30 2.4483
80.40 2.4147
80.50 2.3932
80.60 2.4240
80.70 2.3877
80.80 2.4052
80.90 2.3819
81.00 2.3625
81.10 2.3796
81.20 2.3941
81.30 2.3988
81.40 2.3802
81.50 2.3772
81.60 2.3642
81.70 2.3115
81.80 2.3086
81.90 2.2969
82.00 2.3025
82.10 2.3178
82.20 2.3666
82.30 2.3460
82.40 2.3939
82.50 2.3879
82.60 2.3910
82.70 2.4272
82.80 2.4622
82.90 2.4175
83.00 2.3974
83.10 2.4075
83.20 2.3938
83.30 2.4151
83.40 2.4165
83.50 2.4161
83.60 2.3789
83.70 2.3729
83.80 2.3524
83.90 2.3767
84.00 2.3576
84.10 2.3775
84.20 2.4008
84.30 2.3994
84.40 2.4085
84.50 2.3827
84.60 2.3536
84.70 2.3672
84.80 2.3979
84.90 2.4345
85.00 2.3963
85.10 2.3904
85.20 2.4085
85.30 2.4194
85.40 2.4339
85.50 2.4769
85.60 2.4534
85.70 2.4253
85.80 2.4137
85.90 2.4223
86.00 2.4015
86.10 2.4022
86.20 2.3643
86.30 2.3454
86.40 2.3073
86.50 2.3848
86.60 2.3877
86.70 2.4011
86.80 2.3965
86.90 2.4133
87.00 2.3705
87.10 2.3560
87.20 2.2992
87.30 2.3298
87.40 2.3400
87.50 2.3523
87.60 2.2860
87.70 2.2728
87.80 2.2161
87.90 2.2291
88.00 2.2490
88.10 2.2669
88.20 2.2428
88.30 2.2344
88.40 2.2330
88.50 2.2453
88.60 2.2898
88.70 2.2774
88.80 2.2928
88.90 2.2566
89.00 2.2924
89.10 2.2756
89.20 2.2823
89.30 2.2939
89.40 2.3381
89.50 2.3243
89.60 2.2581
89.70 2.2617
89.80 2.2672
89.90 2.2590
90.00 2.2479
90.10 2.2599
90.20 2.2553
90.30 2.2851
90.40 2.3106
90.50 2.3368
90.60 2.3224
90.70 2.3343
90.80 2.3159
90.90 2.3239
91.00 2.2590
91.10 2.2362
91.20 2.2585
91.30 2.3048
91.40 2.2996
91.50 2.3223
91.60 2.2831
91.70 2.2901
91.80 2.3250
91.90 2.3302
92.00 2.3252
92.10 2.3348
92.20 2.3150
92.30 2.3538
92.40 2.4008
92.50 2.3733
92.60 2.3066
92.70 2.3080
92.80 2.2664
92.90 2.2972
93.00 2.2799
93.10 2.2746
93.20 2.2704
93.30 2.2262
93.40 2.1791
93.50 2.2543
93.60 2.2677
93.70 2.2431
93.80 2.2570
93.90 2.2292
94.00 2.2668
94.10 2.2324
94.20 2.2609
94.30 2.3089
94.40 2.3260
94.50 2.3077
94.60 2.2948
94.70 2.3238
94.80 2.2883
94.90 2.2975
95.00 2.2779
95.10 2.2748
95.20 2.3055
95.30 2.3602
95.40 2.3052
95.50 2.2833
95.60 2.2410
95.70 2.1884
95.80 2.1776
95.90 2.1987
96.00 2.2246
96.10 2.2716
96.20 2.2891
96.30 2.2380
96.40 2.2302
96.50 2.2247
96.60 2.2131
96.70 2.2463
96.80 2.2305
96.90 2.1987
97.00 2.1996
97.10 2.1552
97.20 2.1418
97.30 2.1497
97.40 2.1365
97.50 2.1299
97.60 2.1451
97.70 2.0855
97.80 2.0295
97.90 2.0530
98.00 2.0571
98.10 2.0714
98.20 1.9983
98.30 2.0246
98.40 2.0256
98.50 2.0331
98.60 2.0679
98.70 2.0849
98.80 2.0570
98.90 2.0192
99.00 2.0389
99.10 2.0308
99.20 2.0096
99.30 2.0250
99.40 2.0382
99.50 1.9824
99.60 1.9560
99.70 1.9687
99.80 2.0085
99.90 2.0239
