0.00 -0.0460
0.10 -0.3166
0.20 -0.0400
0.30 -0.1030
0.40 -0.0211
0.50 0.0062
0.60 -0.1996
0.70 -0.7393
0.80 -0.6450
0.90 -0.6165
1.00 -0.6930
1.10 -0.8086
1.20 -0.9621
1.30 -0.8775
1.40 -0.8166
1.50 -0.7670
1.60 -0.7313
1.70 -0.6344
1.80 -0.7546
1.90 -0.6636
2.00 -0.7589
2.10 -0.6382
2.20 -0.6880
2.30 -0.6478
2.40 -0.6099
2.50 -0.5603
2.60 -0.7241
2.70 -0.7025
2.80 -0.5207
2.90 -0.5749
3.00 -0.5068
3.10 -0.5661
3.20 -0.7067
3.30 -0.7406
3.40 -0.8197
3.50 -0.8067
3.60 -0.8175
3.70 -0.8228
3.80 -0.8532
3.90 -0.8215
4.00 -0.8711
4.10 -0.8246
4.20 -0.7915
4.30 -0.7353
4.40 -0.7627
4.50 -0.8244
4.60 -0.8356
4.70 -0.8327
4.80 -0.7289
4.90 -0.7083
5.00 -0.7969
5.10 -0.8421
5.20 -0.8202
5.30 -0.8067
5.40 -0.9319
5.50 -0.9835
5.60 -0.9533
5.70 -0.8779
5.80 -0.9197
5.90 -0.9283
6.00 -0.8361
6.10 -0.8624
6.20 -0.8112
6.30 -0.7878
6.40 -0.8447
6.50 -0.8889
6.60 -0.8472
6.70 -0.8687
6.80 -0.7955
6.90 -0.7199
7.00 -0.7391
7.10 -0.7611
7.20 -0.6902
7.30 -0.7864
7.40 -0.7924
7.50 -0.7894
7.60 -0.8360
7.70 -0.8214
7.80 -0.8129
7.90 -0.7857
8.00 -0.7615
8.10 -0.6813
8.20 -0.6864
8.30 -0.6819
8.40 -0.6537
8.50 -0.7143
8.60 -0.8080
8.70 -0.7442
8.80 -0.7317
8.90 -0.7767
9.00 -0.7664
9.10 -0.7619
9.20 -0.7805
9.30 -0.7003
9.40 -0.6813
9.50 -0.6628
9.60 -0.6144
9.70 -0.6200
9.80 -0.4962
9.90 -0.4767
10.00 -0.4281
10.10 -0.4811
10.20 -0.4746
10.30 -0.4866
10.40 -0.5090
10.50 -0.4863
10.60 -0.4741
10.70 -0.4698
10.80 -0.4414
10.90 -0.4379
11.00 -0.4007
11.10 -0.3823
11.20 -0.3658
11.30 -0.2605
11.40 -0.3032
11.50 -0.2768
11.60 -0.2750
11.70 -0.3468
11.80 -0.3631
11.90 -0.3558
12.00 -0.3293
12.10 -0.3628
12.20 -0.3157
12.30 -0.2921
12.40 -0.3410
12.50 -0.3168
12.60 -0.2184
12.70 -0.2295
12.80 -0.2186
12.90 -0.2523
13.00 -0.2603
13.10 -0.3236
13.20 -0.3109
13.30 -0.3283
13.40 -0.3414
13.50 -0.3143
13.60 -0.2979
13.70 -0.2984
13.80 -0.3267
13.90 -0.3374
14.00 -0.3338
14.10 -0.3790
14.20 -0.3236
14.30 -0.2957
14.40 -0.3054
14.50 -0.2944
14.60 -0.3149
14.70 -0.3369
14.80 -0.3947
14.90 -0.4371
15.00 -0.4064
15.10 -0.3730
15.20 -0.3979
15.30 -0.4059
15.40 -0.3778
15.50 -0.3398
15.60 -0.3401
15.70 -0.3227
15.80 -0.3117
15.90 -0.2978
16.00 -0.2603
16.10 -0.2685
16.20 -0.2811
16.30 -0.2644
16.40 -0.2560
16.50 -0.2948
16.60 -0.2752
16.70 -0.2895
16.80 -0.3171
16.90 -0.3094
17.00 -0.3377
17.10 -0.3403
17.20 -0.3242
17.30 -0.3083
17.40 -0.2853
17.50 -0.3402
17.60 -0.3020
17.70 -0.3350
17.80 -0.3823
17.90 -0.4148
18.00 -0.3903
18.10 -0.4495
18.20 -0.4588
18.30 -0.5141
18.40 -0.5246
18.50 -0.4869
18.60 -0.4726
18.70 -0.4661
18.80 -0.4797
18.90 -0.4718
19.00 -0.4319
19.10 -0.4092
19.20 -0.4471
19.30 -0.3717
19.40 -0.3610
19.50 -0.3400
19.60 -0.3701
19.70 -0.3621
19.80 -0.3584
19.90 -0.3315
20.00 -0.3228
20.10 -0.3115
20.20 -0.2606
20.30 -0.2166
20.40 -0.2138
20.50 -0.2290
20.60 -0.2288
20.70 -0.2082
20.80 -0.2134
20.90 -0.2319
21.00 -0.2214
21.10 -0.2138
21.20 -0.1664
21.30 -0.1613
21.40 -0.1467
21.50 -0.1551
21.60 -0.1558
21.70 -0.1104
21.80 -0.1114
21.90 -0.1217
22.00 -0.1201
22.10 -0.1066
22.20 -0.1238
22.30 -0.1338
22.40 -0.1809
22.50 -0.2108
22.60 -0.1955
22.70 -0.2417
22.80 -0.2944
22.90 -0.3727
23.00 -0.3733
23.10 -0.3904
23.20 -0.4060
23.30 -0.4170
23.40 -0.3963
23.50 -0.3764
23.60 -0.3945
23.70 -0.3224
23.80 -0.3759
23.90 -0.4399
24.00 -0.4658
24.10 -0.4805
24.20 -0.5168
24.30 -0.5140
24.40 -0.5036
24.50 -0.5238
24.60 -0.5146
24.70 -0.4394
24.80 -0.4745
24.90 -0.4752
25.00 -0.4321
25.10 -0.4069
25.20 -0.3965
25.30 -0.3898
25.40 -0.3871
25.50 -0.4093
25.60 -0.4584
25.70 -0.4774
25.80 -0.4959
25.90 -0.4846
26.00 -0.4939
26.10 -0.5204
26.20 -0.5035
26.30 -0.4809
26.40 -0.4986
26.50 -0.5262
26.60 -0.5259
26.70 -0.5433
26.80 -0.5691
26.90 -0.5933
27.00 -0.5650
27.10 -0.6378
27.20 -0.6686
27.30 -0.7165
27.40 -0.7651
27.50 -0.7456
27.60 -0.7828
27.70 -0.7871
27.80 -0.7880
27.90 -0.7425
28.00 -0.7084
28.10 -0.6610
28.20 -0.6526
28.30 -0.7051
28.40 -0.6891
28.50 -0.6048
28.60 -0.6033
28.70 -0.6301
28.80 -0.6012
28.90 -0.6353
29.00 -0.6180
29.10 -0.6319
29.20 -0.6658
29.30 -0.6707
29.40 -0.7435
29.50 -0.7627
29.60 -0.7511
29.70 -0.7438
29.80 -0.7146
29.90 -0.7170
30.00 -0.6727
30.10 -0.6740
30.20 -0.6910
30.30 -0.7014
30.40 -0.7275
30.50 -0.7355
30.60 -0.7061
30.70 -0.7110
30.80 -0.7728
30.90 -0.7764
31.00 -0.7691
31.10 -0.8187
31.20 -0.8375
31.30 -0.7542
31.40 -0.7886
31.50 -0.7563
31.60 -0.7208
31.70 -0.7185
31.80 -0.6928
31.90 -0.7398
32.00 -0.7456
32.10 -0.7393
32.20 -0.8067
32.30 -0.8133
32.40 -0.8677
32.50 -0.8713
32.60 -0.8520
32.70 -0.8641
32.80 -0.8721
32.90 -0.8715
33.00 -0.9000
33.10 -0.8873
33.20 -0.9226
33.30 -0.9314
33.40 -0.9510
33.50 -0.9135
33.60 -0.9675
33.70 -0.9268
33.80 -0.8859
33.90 -0.9012
34.00 -0.8900
34.10 -0.8855
34.20 -0.8796
34.30 -0.9089
34.40 -0.9283
34.50 -0.9482
34.60 -0.9526
34.70 -0.9899
34.80 -0.9715
34.90 -0.9507
35.00 -0.9356
35.10 -0.9163
35.20 -0.9422
35.30 -0.9473
35.40 -0.9174
35.50 -0.9668
35.60 -0.9944
35.70 -1.0075
35.80 -0.9958
35.90 -0.9939
36.00 -0.9821
36.10 -0.9912
36.20 -0.9722
36.30 -0.9568
36.40 -0.9678
36.50 -0.9521
36.60 -0.9467
36.70 -0.9634
36.80 -0.9778
36.90 -0.9201
37.00 -0.8637
37.10 -0.8273
37.20 -0.8379
37.30 -0.8378
37.40 -0.8266
37.50 -0.8657
37.60 -0.8870
37.70 -0.8763
37.80 -0.8610
37.90 -0.8510
38.00 -0.8460
38.10 -0.8122
38.20 -0.7883
38.30 -0.7888
38.40 -0.7672
38.50 -0.7632
38.60 -0.8037
38.70 -0.8255
38.80 -0.8433
38.90 -0.7957
39.00 -0.8108
39.10 -0.8161
39.20 -0.7642
39.30 -0.7757
39.40 -0.7915
39.50 -0.8443
39.60 -0.8447
39.70 -0.8485
39.80 -0.8693
39.90 -0.8658
40.00 -0.8288
40.10 -0.8830
40.20 -0.8711
40.30 -0.8555
40.40 -0.8414
40.50 -0.8429
40.60 -0.8672
40.70 -0.8038
40.80 -0.7973
40.90 -0.7855
41.00 -0.7793
41.10 -0.8192
41.20 -0.8608
41.30 -0.8615
41.40 -0.7795
41.50 -0.7608
41.60 -0.7637
41.70 -0.7701
41.80 -0.7612
41.90 -0.8010
42.00 -0.8133
42.10 -0.8109
42.20 -0.7740
42.30 -0.7460
42.40 -0.7451
42.50 -0.7102
42.60 -0.7204
42.70 -0.7552
42.80 -0.7566
42.90 -0.7249
43.00 -0.7142
43.10 -0.6924
43.20 -0.7056
43.30 -0.7298
43.40 -0.7347
43.50 -0.7679
43.60 -0.7713
43.70 -0.8224
43.80 -0.8357
43.90 -0.8146
44.00 -0.8232
44.10 -0.7788
44.20 -0.7692
44.30 -0.7977
44.40 -0.7898
44.50 -0.7783
44.60 -0.8326
44.70 -0.8217
44.80 -0.8261
44.90 -0.8064
45.00 -0.8307
45.10 -0.8321
45.20 -0.8644
45.30 -0.8709
45.40 -0.8520
45.50 -0.8741
45.60 -0.8796
45.70 -0.9154
45.80 -0.9221
45.90 -0.9300
46.00 -0.9059
46.10 -0.9305
46.20 -0.9163
46.30 -0.8523
46.40 -0.8795
46.50 -0.8569
46.60 -0.8378
46.70 -0.7874
46.80 -0.7722
46.90 -0.7309
47.00 -0.7689
47.10 -0.8022
47.20 -0.8180
47.30 -0.8564
47.40 -0.8806
47.50 -0.9160
47.60 -0.9117
47.70 -0.9390
47.80 -0.9176
47.90 -0.9009
48.00 -0.8732
48.10 -0.8710
48.20 -0.8489
48.30 -0.8923
48.40 -0.9053
48.50 -0.9394
48.60 -0.9916
48.70 -0.9614
48.80 -0.9237
48.90 -0.9438
49.00 -0.9510
49.10 -1.0021
49.20 -0.9735
49.30 -0.9545
49.40 -0.8756
49.50 -0.8759
49.60 -0.8538
49.70 -0.8089
49.80 -0.7952
49.90 -0.7894
50.00 -0.7444
50.10 -0.6855
50.20 -0.6646
50.30 -0.6123
50.40 -0.5990
50.50 -0.5076
50.60 -0.4819
50.70 -0.4383
50.80 -0.4176
50.90 -0.3901
51.00 -0.3424
51.10 -0.3097
51.20 -0.2720
51.30 -0.2593
51.40 -0.2310
51.50 -0.2000
51.60 -0.1666
51.70 -0.1046
51.80 -0.0911
51.90 -0.0640
52.00 -0.0537
52.10 -0.0505
52.20 -0.0434
52.30 -0.0899
52.40 -0.0414
52.50 0.0065
52.60 0.0082
52.70 0.0262
52.80 0.0555
52.90 0.1477
53.00 0.1593
53.10 0.1472
53.20 0.1910
53.30 0.2613
53.40 0.2359
53.50 0.2980
53.60 0.3096
53.70 0.3264
53.80 0.3464
53.90 0.3841
54.00 0.4386
54.10 0.4096
54.20 0.4318
54.30 0.4542
54.40 0.4226
54.50 0.4099
54.60 0.4733
54.70 0.4967
54.80 0.4930
54.90 0.4874
55.00 0.4928
55.10 0.5408
55.20 0.5496
55.30 0.5436
55.40 0.5587
55.50 0.5303
55.60 0.5132
55.70 0.5656
55.80 0.6285
55.90 0.6579
56.00 0.6509
56.10 0.7015
56.20 0.7440
56.30 0.7604
56.40 0.7788
56.50 0.8392
56.60 0.8579
56.70 0.9276
56.80 0.9241
56.90 0.9149
57.00 0.9032
57.10 0.9046
57.20 0.9651
57.30 0.9962
57.40 1.0098
57.50 1.0784
57.60 1.0935
57.70 1.1210
57.80 1.1411
57.90 1.1907
58.00 1.2667
58.10 1.2572
58.20 1.2429
58.30 1.3011
58.40 1.3137
58.50 1.2854
58.60 1.3218
58.70 1.4009
58.80 1.4224
58.90 1.3937
59.00 1.3882
59.10 1.4042
59.20 1.4726
59.30 1.5156
59.40 1.5196
59.50 1.5130
59.60 1.5561
59.70 1.5246
59.80 1.5220
59.90 1.4959
60.00 1.5098
60.10 1.4881
60.20 1.4804
60.30 1.5020
60.40 1.5001
60.50 1.4943
60.60 1.4376
60.70 1.5038
60.80 1.5351
60.90 1.5223
61.00 1.5377
61.10 1.5767
61.20 1.5985
61.30 1.6280
61.40 1.6294
61.50 1.6285
61.60 1.6256
61.70 1.6002
61.80 1.6594
61.90 1.6462
62.00 1.6542
62.10 1.7018
62.20 1.6566
62.30 1.6757
62.40 1.7115
62.50 1.7256
62.60 1.6739
62.70 1.7135
62.80 1.7534
62.90 1.7526
63.00 1.7865
63.10 1.8199
63.20 1.8777
63.30 1.8929
63.40 1.9260
63.50 1.8749
63.60 1.9180
63.70 1.9086
63.80 1.8917
63.90 1.9285
64.00 1.9519
64.10 2.0206
64.20 2.0061
64.30 2.0792
64.40 2.0765
64.50 2.1078
64.60 2.1606
64.70 2.1628
64.80 2.1510
64.90 2.1418
65.00 2.1672
65.10 2.1589
65.20 2.2020
65.30 2.1802
65.40 2.1926
65.50 2.1882
65.60 2.2185
65.70 2.1780
65.80 2.1318
65.90 2.0921
66.00 2.1248
66.10 2.1260
66.20 2.1255
66.30 2.1153
66.40 2.2145
66.50 2.2006
66.60 2.2123
66.70 2.2304
66.80 2.2189
66.90 2.1779
67.00 2.1587
67.10 2.2166
67.20 2.1911
67.30 2.2034
67.40 2.2260
67.50 2.2099
67.60 2.2310
67.70 2.2198
67.80 2.2383
67.90 2.2597
68.00 2.2443
68.10 2.2270
68.20 2.2400
68.30 2.2113
68.40 2.2260
68.50 2.1820
68.60 2.1446
68.70 2.1078
68.80 2.0995
68.90 2.1201
69.00 2.0589
69.10 2.1181
69.20 2.0804
69.30 2.0946
69.40 2.0110
69.50 2.0094
69.60 2.0347
69.70 2.0598
69.80 2.0685
69.90 2.0772
70.00 2.1125
70.10 2.0891
70.20 2.0698
70.30 2.0759
70.40 2.0881
70.50 2.1113
70.60 2.1351
70.70 2.1695
70.80 2.1428
70.90 2.2091
71.00 2.1819
71.10 2.1932
71.20 2.1565
71.30 2.1451
71.40 2.1524
71.50 2.1624
71.60 2.1324
71.70 2.0531
71.80 2.0591
71.90 2.0918
72.00 2.1209
72.10 2.1330
72.20 2.1127
72.30 2.1326
72.40 2.1318
72.50 2.0923
72.60 2.1164
72.70 2.0850
72.80 2.0697
72.90 2.0156
73.00 2.0403
73.10 2.0482
73.20 2.1022
73.30 2.1008
73.40 2.1139
73.50 2.1642
73.60 2.1502
73.70 2.1722
73.80 2.1914
73.90 2.2439
74.00 2.2630
74.10 2.2634
74.20 2.2893
74.30 2.2738
74.40 2.2806
74.50 2.2890
74.60 2.3211
74.70 2.3105
74.80 2.3209
74.90 2.3160
75.00 2.3870
75.10 2.3604
75.20 2.3724
75.30 2.3162
75.40 2.2945
75.50 2.2402
75.60 2.2651
75.70 2.2011
75.80 2.2101
75.90 2.1689
76.00 2.2083
76.10 2.1763
76.20 2.1828
76.30 2.1606
76.40 2.1769
76.50 2.2327
76.60 2.2483
76.70 2.2617
76.80 2.2528
76.90 2.2135
77.00 2.1925
77.10 2.2178
77.20 2.2341
77.30 2.2235
77.40 2.1828
77.50 2.1641
77.60 2.1636
77.70 2.1865
77.80 2.1606
77.90 2.1263
78.00 2.1214
78.10 2.1263
78.20 2.0951
78.30 2.1679
78.40 2.2174
78.50 2.2467
78.60 2.2922
78.70 2.2372
78.80 2.2594
78.90 2.2425
79.00 2.2738
79.10 2.2893
79.20 2.3121
79.30 2.2729
79.40 2.3472
79.50 2.3582
79.60 2.3570
79.70 2.3844
79.80 2.3209
79.90 2.3333
80.00 2.2995
80.10 2.3106
80.20 2.3436
80.30 2.3128
80.40 2.2806
80.50 2.2606
80.60 2.2925
80.70 2.2576
80.80 2.2764
80.90 2.2545
81.00 2.2365
81.10 2.2547
81.20 2.2704
81.30 2.2763
81.40 2.2590
81.50 2.2572
81.60 2.2455
81.70 2.1941
81.80 2.1923
81.90 2.1818
82.00 2.1886
82.10 2.2050
82.20 2.2548
82.30 2.2354
82.40 2.2842
82.50 2.2793
82.60 2.2834
82.70 2.3207
82.80 2.3566
82.90 2.3131
83.00 2.2941
83.10 2.3052
83.20 2.2926
83.30 2.3148
83.40 2.3172
83.50 2.3178
83.60 2.2816
83.70 2.2766
83.80 2.2571
83.90 2.2823
84.00 2.2642
84.10 2.2850
84.20 2.3092
84.30 2.3087
84.40 2.3187
84.50 2.2938
84.60 2.2657
84.70 2.2801
84.80 2.3117
84.90 2.3490
85.00 2.3117
85.10 2.3067
85.20 2.3256
85.30 2.3373
85.40 2.3526
85.50 2.3964
85.60 2.3737
85.70 2.3464
85.80 2.3356
85.90 2.3450
86.00 2.3250
86.10 2.3265
86.20 2.2893
86.30 2.2712
86.40 2.2339
86.50 2.3120
86.60 2.3156
86.70 2.3298
86.80 2.3259
86.90 2.3433
87.00 2.3013
87.10 2.2875
87.20 2.2314
87.30 2.2627
87.40 2.2736
87.50 2.2864
87.60 2.2209
87.70 2.2084
87.80 2.1524
87.90 2.1660
88.00 2.1865
88.10 2.2050
88.20 2.1815
88.30 2.1737
88.40 2.1729
88.50 2.1859
88.60 2.2309
88.70 2.2191
88.80 2.2351
88.90 2.1995
89.00 2.2358
89.10 2.2196
89.20 2.2268
89.30 2.2389
89.40 2.2837
89.50 2.2704
89.60 2.2048
89.70 2.2089
89.80 2.2150
89.90 2.2073
90.00 2.1967
90.10 2.2092
90.20 2.2052
90.30 2.2354
90.40 2.2614
90.50 2.2880
90.60 2.2741
90.70 2.2865
90.80 2.2686
90.90 2.2771
91.00 2.2127
91.10 2.1904
91.20 2.2131
91.30 2.2598
91.40 2.2551
91.50 2.2782
91.60 2.2395
91.70 2.2469
91.80 2.2822
91.90 2.2879
92.00 2.2833
92.10 2.2932
92.20 2.2739
92.30 2.3131
92.40 2.3605
92.50 2.3334
92.60 2.2671
92.70 2.2689
92.80 2.2278
92.90 2.2589
93.00 2.2419
93.10 2.2370
93.20 2.2333
93.30 2.1894
93.40 2.1427
93.50 2.2183
93.60 2.2320
93.70 2.2077
93.80 2.2220
93.90 2.1946
94.00 2.2325
94.10 2.1985
94.20 2.2273
94.30 2.2755
94.40 2.2931
94.50 2.2750
94.60 2.2625
94.70 2.2918
94.80 2.2567
94.90 2.2662
95.00 2.2468
95.10 2.2440
95.20 2.2750
95.30 2.3300
95.40 2.2754
95.50 2.2538
95.60 2.2118
95.70 2.1594
95.80 2.1490
95.90 2.1704
96.00 2.1965
96.10 2.2438
96.20 2.2616
96.30 2.2107
96.40 2.2032
96.50 2.1980
96.60 2.1867
96.70 2.2201
96.80 2.2046
96.90 2.1731
97.00 2.1742
97.10 2.1300
97.20 2.1169
97.30 2.1250
97.40 2.1121
97.50 2.1057
97.60 2.1212
97.70 2.0619
97.80 2.0061
97.90 2.0298
98.00 2.0341
98.10 2.0486
98.20 1.9758
98.30 2.0023
98.40 2.0036
98.50 2.0112
98.60 2.0463
98.70 2.0635
98.80 2.0357
98.90 1.9983
99.00 2.0181
99.10 2.0102
99.20 1.9892
99.30 2.0048
99.40 2.0183
99.50 1.9627
99.60 1.9365
99.70 1.9493
99.80 1.9893
99.90 2.0049
