0.00 1.0100
0.10 1.1098
0.20 1.2093
0.30 1.3085
0.40 1.4074
0.50 1.5060
0.60 1.6042
0.70 1.7021
0.80 1.7996
0.90 1.8967
1.00 1.9934
1.10 2.0897
1.20 2.1856
1.30 2.2810
1.40 2.3760
1.50 2.4705
1.60 2.5645
1.70 2.6581
1.80 2.7511
1.90 2.8436
2.00 2.9356
2.10 3.0270
2.20 3.1179
2.30 3.2081
2.40 3.2978
2.50 3.3869
2.60 3.4754
2.70 3.5633
2.80 3.6505
2.90 3.7371
3.00 3.8230
3.10 3.9083
3.20 3.9929
3.30 4.0768
3.40 4.1601
3.50 4.2426
3.60 4.3245
3.70 4.4056
3.80 4.4860
3.90 4.5657
4.00 4.6447
4.10 4.7229
4.20 4.8004
4.30 4.8771
4.40 4.9531
4.50 5.0284
4.60 5.1029
4.70 5.1766
4.80 5.2495
4.90 5.3217
5.00 5.3932
5.10 5.4638
5.20 5.5337
5.30 5.6028
5.40 5.6712
5.50 5.7388
5.60 5.8055
5.70 5.8716
5.80 5.9368
5.90 6.0013
6.00 6.0650
6.10 6.1279
6.20 6.1901
6.30 6.2515
6.40 6.3121
6.50 6.3720
6.60 6.4311
6.70 6.4895
6.80 6.5471
6.90 6.6039
7.00 6.6600
7.10 6.7154
7.20 6.7700
7.30 6.8239
7.40 6.8770
7.50 6.9294
7.60 6.9811
7.70 7.0321
7.80 7.0824
7.90 7.1319
8.00 7.1808
8.10 7.2290
8.20 7.2764
8.30 7.3232
8.40 7.3693
8.50 7.4147
8.60 7.4595
8.70 7.5035
8.80 7.5470
8.90 7.5897
9.00 7.6319
9.10 7.6734
9.20 7.7142
9.30 7.7545
9.40 7.7941
9.50 7.8331
9.60 7.8714
9.70 7.9092
9.80 7.9464
9.90 7.9830
10.00 8.0191
10.10 8.0545
10.20 8.0894
10.30 8.1237
10.40 8.1575
10.50 8.1907
10.60 8.2234
10.70 8.2556
10.80 8.2872
10.90 8.3183
11.00 8.3489
11.10 8.3790
11.20 8.4085
11.30 8.4376
11.40 8.4662
11.50 8.4943
11.60 8.5220
11.70 8.5492
11.80 8.5759
11.90 8.6021
12.00 8.6279
12.10 8.6533
12.20 8.6782
12.30 8.7027
12.40 8.7268
12.50 8.7505
12.60 8.7737
12.70 8.7966
12.80 8.8190
12.90 8.8411
13.00 8.8627
13.10 8.8840
13.20 8.9049
13.30 8.9255
13.40 8.9457
13.50 8.9655
13.60 8.9849
13.70 9.0041
13.80 9.0228
13.90 9.0413
14.00 9.0594
14.10 9.0772
14.20 9.0946
14.30 9.1118
14.40 9.1286
14.50 9.1452
14.60 9.1614
14.70 9.1773
14.80 9.1930
14.90 9.2084
15.00 9.2234
15.10 9.2383
15.20 9.2528
15.30 9.2671
15.40 9.2811
15.50 9.2948
15.60 9.3083
15.70 9.3216
15.80 9.3346
15.90 9.3473
16.00 9.3598
16.10 9.3721
16.20 9.3842
16.30 9.3960
16.40 9.4076
16.50 9.4190
16.60 9.4302
16.70 9.4412
16.80 9.4520
16.90 9.4626
17.00 9.4729
17.10 9.4831
17.20 9.4931
17.30 9.5029
17.40 9.5125
17.50 9.5219
17.60 9.5312
17.70 9.5403
17.80 9.5492
17.90 9.5579
18.00 9.5665
18.10 9.5749
18.20 9.5831
18.30 9.5912
18.40 9.5992
18.50 9.6070
18.60 9.6146
18.70 9.6221
18.80 9.6295
18.90 9.6367
19.00 9.6437
19.10 9.6507
19.20 9.6575
19.30 9.6642
19.40 9.6707
19.50 9.6771
19.60 9.6834
19.70 9.6896
19.80 9.6957
19.90 9.7016
20.00 9.7074
20.10 9.7132
20.20 9.7188
20.30 9.7243
20.40 9.7296
20.50 9.7349
20.60 9.7401
20.70 9.7452
20.80 9.7502
20.90 9.7551
21.00 9.7599
21.10 9.7646
21.20 9.7692
21.30 9.7737
21.40 9.7782
21.50 9.7825
21.60 9.7868
21.70 9.7910
21.80 9.7951
21.90 9.7991
22.00 9.8030
22.10 9.8069
22.20 9.8107
22.30 9.8144
22.40 9.8180
22.50 9.8216
22.60 9.8251
22.70 9.8286
22.80 9.8319
22.90 9.8352
23.00 9.8385
23.10 9.8416
23.20 9.8448
23.30 9.8478
23.40 9.8508
23.50 9.8537
23.60 9.8566
23.70 9.8594
23.80 9.8622
23.90 9.8649
24.00 9.8676
24.10 9.8702
24.20 9.8727
24.30 9.8753
24.40 9.8777
24.50 9.8801
24.60 9.8825
24.70 9.8848
24.80 9.8871
24.90 9.8893
25.00 9.8915
25.10 9.8936
25.20 9.8957
25.30 9.8978
25.40 9.8998
25.50 9.9018
25.60 9.9037
25.70 9.9056
25.80 9.9075
25.90 9.9093
26.00 9.9111
26.10 9.9128
26.20 9.9146
26.30 9.9162
26.40 9.9179
26.50 9.9195
26.60 9.9211
26.70 9.9227
26.80 9.9242
26.90 9.9257
27.00 9.9272
27.10 9.9286
27.20 9.9300
27.30 9.9314
27.40 9.9327
27.50 9.9341
27.60 9.9354
27.70 9.9366
27.80 9.9379
27.90 9.9391
28.00 9.9403
28.10 9.9415
28.20 9.9427
28.30 9.9438
28.40 9.9449
28.50 9.9460
28.60 9.9471
28.70 9.9481
28.80 9.9491
28.90 9.9501
29.00 9.9511
29.10 9.9521
29.20 9.9530
29.30 9.9540
29.40 9.9549
29.50 9.9558
29.60 9.9567
29.70 9.9575
29.80 9.9583
29.90 9.9592
30.00 9.9600
30.10 9.9608
30.20 9.9615
30.30 9.9623
30.40 9.9631
30.50 9.9638
30.60 9.9645
30.70 9.9652
30.80 9.9659
30.90 9.9666
31.00 9.9672
31.10 9.9679
31.20 9.9685
31.30 9.9691
31.40 9.9697
31.50 9.9703
31.60 9.9709
31.70 9.9715
31.80 9.9721
31.90 9.9726
32.00 9.9732
32.10 9.9737
32.20 9.9742
32.30 9.9747
32.40 9.9752
32.50 9.9757
32.60 9.9762
32.70 9.9767
32.80 9.9771
32.90 9.9776
33.00 9.9780
33.10 9.9785
33.20 9.9789
33.30 9.9793
33.40 9.9797
33.50 9.9801
33.60 9.9805
33.70 9.9809
33.80 9.9813
33.90 9.9816
34.00 9.9820
34.10 9.9824
34.20 9.9827
34.30 9.9831
34.40 9.9834
34.50 9.9837
34.60 9.9840
34.70 9.9844
34.80 9.9847
34.90 9.9850
35.00 9.9853
35.10 9.9856
35.20 9.9859
35.30 9.9861
35.40 9.9864
35.50 9.9867
35.60 9.9869
35.70 9.9872
35.80 9.9875
35.90 9.9877
36.00 9.9879
36.10 9.9882
36.20 9.9884
36.30 9.9886
36.40 9.9889
36.50 9.9891
36.60 9.9893
36.70 9.9895
36.80 9.9897
36.90 9.9899
37.00 9.9901
37.10 9.9903
37.20 9.9905
37.30 9.9907
37.40 9.9909
37.50 9.9911
37.60 9.9912
37.70 9.9914
37.80 9.9916
37.90 9.9918
38.00 9.9919
38.10 9.9921
38.20 9.9922
38.30 9.9924
38.40 9.9925
38.50 9.9927
38.60 9.9928
38.70 9.9930
38.80 9.9931
38.90 9.9933
39.00 9.9934
39.10 9.9935
39.20 9.9936
39.30 9.9938
39.40 9.9939
39.50 9.9940
39.60 9.9941
39.70 9.9943
39.80 9.9944
39.90 9.9945
40.00 9.9946
40.10 9.9947
40.20 9.9948
40.30 9.9949
40.40 9.9950
40.50 9.9951
40.60 9.9952
40.70 9.9953
40.80 9.9954
40.90 9.9955
41.00 9.9956
41.10 9.9957
41.20 9.9957
41.30 9.9958
41.40 9.9959
41.50 9.9960
41.60 9.9961
41.70 9.9961
41.80 9.9962
41.90 9.9963
42.00 9.9964
42.10 9.9964
42.20 9.9965
42.30 9.9966
42.40 9.9967
42.50 9.9967
42.60 9.9968
42.70 9.9968
42.80 9.9969
42.90 9.9970
43.00 9.9970
43.10 9.9971
43.20 9.9971
43.30 9.9972
43.40 9.9973
43.50 9.9973
43.60 9.9974
43.70 9.9974
43.80 9.9975
43.90 9.9975
44.00 9.9976
44.10 9.9976
44.20 9.9977
44.30 9.9977
44.40 9.9978
44.50 9.9978
44.60 9.9978
44.70 9.9979
44.80 9.9979
44.90 9.9980
45.00 9.9980
45.10 9.9980
45.20 9.9981
45.30 9.9981
45.40 9.9982
45.50 9.9982
45.60 9.9982
45.70 9.9983
45.80 9.9983
45.90 9.9983
46.00 9.9984
46.10 9.9984
46.20 9.9984
46.30 9.9985
46.40 9.9985
46.50 9.9985
46.60 9.9986
46.70 9.9986
46.80 9.9986
46.90 9.9986
47.00 9.9987
47.10 9.9987
47.20 9.9987
47.30 9.9987
47.40 9.9988
47.50 9.9988
47.60 9.9988
47.70 9.9988
47.80 9.9989
47.90 9.9989
48.00 9.9989
48.10 9.9989
48.20 9.9990
48.30 9.9990
48.40 9.9990
48.50 9.9990
48.60 9.9990
48.70 9.9991
48.80 9.9991
48.90 9.9991
49.00 9.9991
49.10 9.9991
49.20 9.9991
49.30 9.9992
49.40 9.9992
49.50 9.9992
49.60 9.9992
49.70 9.9992
49.80 9.9992
49.90 9.9993
50.00 1.0100
50.10 1.1098
50.20 1.2093
50.30 1.3085
50.40 1.4074
50.50 1.5060
50.60 1.6042
50.70 1.7021
50.80 1.7996
50.90 1.8967
51.00 1.9934
51.10 2.0897
51.20 2.1856
51.30 2.2810
51.40 2.3760
51.50 2.4705
51.60 2.5645
51.70 2.6581
51.80 2.7511
51.90 2.8436
52.00 2.9356
52.10 3.0270
52.20 3.1179
52.30 3.2081
52.40 3.2978
52.50 3.3869
52.60 3.4754
52.70 3.5633
52.80 3.6505
52.90 3.7371
53.00 3.8230
53.10 3.9083
53.20 3.9929
53.30 4.0768
53.40 4.1601
53.50 4.2426
53.60 4.3245
53.70 4.4056
53.80 4.4860
53.90 4.5657
54.00 4.6447
54.10 4.7229
54.20 4.8004
54.30 4.8771
54.40 4.9531
54.50 5.0284
54.60 5.1029
54.70 5.1766
54.80 5.2495
54.90 5.3217
55.00 5.3932
55.10 5.4638
55.20 5.5337
55.30 5.6028
55.40 5.6712
55.50 5.7388
55.60 5.8055
55.70 5.8716
55.80 5.9368
55.90 6.0013
56.00 6.0650
56.10 6.1279
56.20 6.1901
56.30 6.2515
56.40 6.3121
56.50 6.3720
56.60 6.4311
56.70 6.4895
56.80 6.5471
56.90 6.6039
57.00 6.6600
57.10 6.7154
57.20 6.7700
57.30 6.8239
57.40 6.8770
57.50 6.9294
57.60 6.9811
57.70 7.0321
57.80 7.0824
57.90 7.1319
58.00 7.1808
58.10 7.2290
58.20 7.2764
58.30 7.3232
58.40 7.3693
58.50 7.4147
58.60 7.4595
58.70 7.5035
58.80 7.5470
58.90 7.5897
59.00 7.6319
59.10 7.6734
59.20 7.7142
59.30 7.7545
59.40 7.7941
59.50 7.8331
59.60 7.8714
59.70 7.9092
59.80 7.9464
59.90 7.9830
60.00 8.0191
60.10 8.0545
60.20 8.0894
60.30 8.1237
60.40 8.1575
60.50 8.1907
60.60 8.2234
60.70 8.2556
60.80 8.2872
60.90 8.3183
61.00 8.3489
61.10 8.3790
61.20 8.4085
61.30 8.4376
61.40 8.4662
61.50 8.4943
61.60 8.5220
61.70 8.5492
61.80 8.5759
61.90 8.6021
62.00 8.6279
62.10 8.6533
62.20 8.6782
62.30 8.7027
62.40 8.7268
62.50 8.7505
62.60 8.7737
62.70 8.7966
62.80 8.8190
62.90 8.8411
63.00 8.8627
63.10 8.8840
63.20 8.9049
63.30 8.9255
63.40 8.9457
63.50 8.9655
63.60 8.9849
63.70 9.0041
63.80 9.0228
63.90 9.0413
64.00 9.0594
64.10 9.0772
64.20 9.0946
64.30 9.1118
64.40 9.1286
64.50 9.1452
64.60 9.1614
64.70 9.1773
64.80 9.1930
64.90 9.2084
65.00 9.2234
65.10 9.2383
65.20 9.2528
65.30 9.2671
65.40 9.2811
65.50 9.2948
65.60 9.3083
65.70 9.3216
65.80 9.3346
65.90 9.3473
66.00 9.3598
66.10 9.3721
66.20 9.3842
66.30 9.3960
66.40 9.4076
66.50 9.4190
66.60 9.4302
66.70 9.4412
66.80 9.4520
66.90 9.4626
67.00 9.4729
67.10 9.4831
67.20 9.4931
67.30 9.5029
67.40 9.5125
67.50 9.5219
67.60 9.5312
67.70 9.5403
67.80 9.5492
67.90 9.5579
68.00 9.5665
68.10 9.5749
68.20 9.5831
68.30 9.5912
68.40 9.5992
68.50 9.6070
68.60 9.6146
68.70 9.6221
68.80 9.6295
68.90 9.6367
69.00 9.6437
69.10 9.6507
69.20 9.6575
69.30 9.6642
69.40 9.6707
69.50 9.6771
69.60 9.6834
69.70 9.6896
69.80 9.6957
69.90 9.7016
70.00 9.7074
70.10 9.7132
70.20 9.7188
70.30 9.7243
70.40 9.7296
70.50 9.7349
70.60 9.7401
70.70 9.7452
70.80 9.7502
70.90 9.7551
71.00 9.7599
71.10 9.7646
71.20 9.7692
71.30 9.7737
71.40 9.7782
71.50 9.7825
71.60 9.7868
71.70 9.7910
71.80 9.7951
71.90 9.7991
72.00 9.8030
72.10 9.8069
72.20 9.8107
72.30 9.8144
72.40 9.8180
72.50 9.8216
72.60 9.8251
72.70 9.8286
72.80 9.8319
72.90 9.8352
73.00 9.8385
73.10 9.8416
73.20 9.8448
73.30 9.8478
73.40 9.8508
73.50 9.8537
73.60 9.8566
73.70 9.8594
73.80 9.8622
73.90 9.8649
74.00 9.8676
74.10 9.8702
74.20 9.8727
74.30 9.8753
74.40 9.8777
74.50 9.8801
74.60 9.8825
74.70 9.8848
74.80 9.8871
74.90 9.8893
75.00 9.8915
75.10 9.8936
75.20 9.8957
75.30 9.8978
75.40 9.8998
75.50 9.9018
75.60 9.9037
75.70 9.9056
75.80 9.9075
75.90 9.9093
76.00 9.9111
76.10 9.9128
76.20 9.9146
76.30 9.9162
76.40 9.9179
76.50 9.9195
76.60 9.9211
76.70 9.9227
76.80 9.9242
76.90 9.9257
77.00 9.9272
77.10 9.9286
77.20 9.9300
77.30 9.9314
77.40 9.9327
77.50 9.9341
77.60 9.9354
77.70 9.9366
77.80 9.9379
77.90 9.9391
78.00 9.9403
78.10 9.9415
78.20 9.9427
78.30 9.9438
78.40 9.9449
78.50 9.9460
78.60 9.9471
78.70 9.9481
78.80 9.9491
78.90 9.9501
79.00 9.9511
79.10 9.9521
79.20 9.9530
79.30 9.9540
79.40 9.9549
79.50 9.9558
79.60 9.9567
79.70 9.9575
79.80 9.9583
79.90 9.9592
80.00 9.9600
80.10 9.9608
80.20 9.9615
80.30 9.9623
80.40 9.9631
80.50 9.9638
80.60 9.9645
80.70 9.9652
80.80 9.9659
80.90 9.9666
81.00 9.9672
81.10 9.9679
81.20 9.9685
81.30 9.9691
81.40 9.9697
81.50 9.9703
81.60 9.9709
81.70 9.9715
81.80 9.9721
81.90 9.9726
82.00 9.9732
82.10 9.9737
82.20 9.9742
82.30 9.9747
82.40 9.9752
82.50 9.9757
82.60 9.9762
82.70 9.9767
82.80 9.9771
82.90 9.9776
83.00 9.9780
83.10 9.9785
83.20 9.9789
83.30 9.9793
83.40 9.9797
83.50 9.9801
83.60 9.9805
83.70 9.9809
83.80 9.9813
83.90 9.9816
84.00 9.9820
84.10 9.9824
84.20 9.9827
84.30 9.9831
84.40 9.9834
84.50 9.9837
84.60 9.9840
84.70 9.9844
84.80 9.9847
84.90 9.9850
85.00 9.9853
85.10 9.9856
85.20 9.9859
85.30 9.9861
85.40 9.9864
85.50 9.9867
85.60 9.9869
85.70 9.9872
85.80 9.9875
85.90 9.9877
86.00 9.9879
86.10 9.9882
86.20 9.9884
86.30 9.9886
86.40 9.9889
86.50 9.9891
86.60 9.9893
86.70 9.9895
86.80 9.9897
86.90 9.9899
87.00 9.9901
87.10 9.9903
87.20 9.9905
87.30 9.9907
87.40 9.9909
87.50 9.9911
87.60 9.9912
87.70 9.9914
87.80 9.9916
87.90 9.9918
88.00 9.9919
88.10 9.9921
88.20 9.9922
88.30 9.9924
88.40 9.9925
88.50 9.9927
88.60 9.9928
88.70 9.9930
88.80 9.9931
88.90 9.9933
89.00 9.9934
89.10 9.9935
89.20 9.9936
89.30 9.9938
89.40 9.9939
89.50 9.9940
89.60 9.9941
89.70 9.9943
89.80 9.9944
89.90 9.9945
90.00 9.9946
90.10 9.9947
90.20 9.9948
90.30 9.9949
90.40 9.9950
90.50 9.9951
90.60 9.9952
90.70 9.9953
90.80 9.9954
90.90 9.9955
91.00 9.9956
91.10 9.9957
91.20 9.9957
91.30 9.9958
91.40 9.9959
91.50 9.9960
91.60 9.9961
91.70 9.9961
91.80 9.9962
91.90 9.9963
92.00 9.9964
92.10 9.9964
92.20 9.9965
92.30 9.9966
92.40 9.9967
92.50 9.9967
92.60 9.9968
92.70 9.9968
92.80 9.9969
92.90 9.9970
93.00 9.9970
93.10 9.9971
93.20 9.9971
93.30 9.9972
93.40 9.9973
93.50 9.9973
93.60 9.9974
93.70 9.9974
93.80 9.9975
93.90 9.9975
94.00 9.9976
94.10 9.9976
94.20 9.9977
94.30 9.9977
94.40 9.9978
94.50 9.9978
94.60 9.9978
94.70 9.9979
94.80 9.9979
94.90 9.9980
95.00 9.9980
95.10 9.9980
95.20 9.9981
95.30 9.9981
95.40 9.9982
95.50 9.9982
95.60 9.9982
95.70 9.9983
95.80 9.9983
95.90 9.9983
96.00 9.9984
96.10 9.9984
96.20 9.9984
96.30 9.9985
96.40 9.9985
96.50 9.9985
96.60 9.9986
96.70 9.9986
96.80 9.9986
96.90 9.9986
97.00 9.9987
97.10 9.9987
97.20 9.9987
97.30 9.9987
97.40 9.9988
97.50 9.9988
97.60 9.9988
97.70 9.9988
97.80 9.9989
97.90 9.9989
98.00 9.9989
98.10 9.9989
98.20 9.9990
98.30 9.9990
98.40 9.9990
98.50 9.9990
98.60 9.9990
98.70 9.9991
98.80 9.9991
98.90 9.9991
99.00 9.9991
99.10 9.9991
99.20 9.9991
99.30 9.9992
99.40 9.9992
99.50 9.9992
99.60 9.9992
99.70 9.9992
99.80 9.9992
99.90 9.9993
