0.0000 0.0000
0.0010 0.0533
0.0020 0.1045
0.0030 0.1536
0.0040 0.2007
0.0050 0.2460
0.0060 0.2893
0.0070 0.3308
0.0080 0.3706
0.0090 0.4087
0.0100 0.4451
0.0110 0.4799
0.0120 0.5132
0.0130 0.5449
0.0140 0.5752
0.0150 0.6041
0.0160 0.6316
0.0170 0.6578
0.0180 0.6827
0.0190 0.7064
0.0200 0.7288
0.0210 0.7501
0.0220 0.7703
0.0230 0.7894
0.0240 0.8074
0.0250 0.8244
0.0260 0.8936
0.0270 0.9599
0.0280 1.0231
0.0290 1.0835
0.0300 1.1411
0.0310 1.1959
0.0320 1.2482
0.0330 1.2979
0.0340 1.3451
0.0350 1.3900
0.0360 1.4326
0.0370 1.4729
0.0380 1.5111
0.0390 1.5472
0.0400 1.5812
0.0410 1.6134
0.0420 1.6436
0.0430 1.6720
0.0440 1.6986
0.0450 1.7235
0.0460 1.7468
0.0470 1.7684
0.0480 1.7885
0.0490 1.8072
0.0500 1.8244
0.0510 1.8935
0.0520 1.9591
0.0530 2.0214
0.0540 2.0804
0.0550 2.1364
0.0560 2.1893
0.0570 2.2392
0.0580 2.2864
0.0590 2.3308
0.0600 2.3725
0.0610 2.4117
0.0620 2.4483
0.0630 2.4826
0.0640 2.5146
0.0650 2.5443
0.0660 2.5719
0.0670 2.5974
0.0680 2.6208
0.0690 2.6423
0.0700 2.6619
0.0710 2.6798
0.0720 2.6958
0.0730 2.7102
0.0740 2.7230
0.0750 2.7342
0.0760 2.7971
0.0770 2.8565
0.0780 2.9125
0.0790 2.9651
0.0800 3.0145
0.0810 3.0607
0.0820 3.1040
0.0830 3.1443
0.0840 3.1819
0.0850 3.2167
0.0860 3.2489
0.0870 3.2785
0.0880 3.3057
0.0890 3.3305
0.0900 3.3531
0.0910 3.3735
0.0920 3.3917
0.0930 3.4079
0.0940 3.4221
0.0950 3.4344
0.0960 3.4449
0.0970 3.4537
0.0980 3.4607
0.0990 3.4661
0.1000 3.4699
0.1010 3.5255
0.1020 3.5776
0.1030 3.6262
0.1040 3.6714
0.1050 3.7135
0.1060 3.7525
0.1070 3.7884
0.1080 3.8215
0.1090 3.8517
0.1100 3.8793
0.1110 3.9043
0.1120 3.9267
0.1130 3.9468
0.1140 3.9645
0.1150 3.9799
0.1160 3.9932
0.1170 4.0044
0.1180 4.0136
0.1190 4.0209
0.1200 4.0263
0.1210 4.0299
0.1220 4.0318
0.1230 4.0320
0.1240 4.0306
0.1250 4.0277
0.1260 4.0767
0.1270 4.1221
0.1280 4.1641
0.1290 4.2029
0.1300 4.2384
0.1310 4.2710
0.1320 4.3005
0.1330 4.3272
0.1340 4.3512
0.1350 4.3726
0.1360 4.3913
0.1370 4.4077
0.1380 4.4216
0.1390 4.4333
0.1400 4.4428
0.1410 4.4501
0.1420 4.4555
0.1430 4.4588
0.1440 4.4603
0.1450 4.4600
0.1460 4.4580
0.1470 4.4542
0.1480 4.4489
0.1490 4.4421
0.1500 4.4337
0.1510 4.4773
0.1520 4.5174
0.1530 4.5541
0.1540 4.5876
0.1550 4.6181
0.1560 4.6455
0.1570 4.6700
0.1580 4.6917
0.1590 4.7107
0.1600 4.7271
0.1610 4.7411
0.1620 4.7526
0.1630 4.7618
0.1640 4.7688
0.1650 4.7736
0.1660 4.7764
0.1670 4.7772
0.1680 4.7761
0.1690 4.7731
0.1700 4.7685
0.1710 4.7621
0.1720 4.7541
0.1730 4.7445
0.1740 4.7335
0.1750 4.7210
0.1760 4.7605
0.1770 4.7966
0.1780 4.8293
0.1790 4.8589
0.1800 4.8854
0.1810 4.9090
0.1820 4.9297
0.1830 4.9477
0.1840 4.9630
0.1850 4.9758
0.1860 4.9861
0.1870 4.9941
0.1880 4.9998
0.1890 5.0033
0.1900 5.0047
0.1910 5.0041
0.1920 5.0015
0.1930 4.9971
0.1940 4.9910
0.1950 4.9830
0.1960 4.9735
0.1970 4.9624
0.1980 4.9497
0.1990 4.9357
0.2000 4.9202
0.2010 4.9567
0.2020 4.9898
0.2030 5.0197
0.2040 5.0464
0.2050 5.0701
0.2060 5.0909
0.2070 5.1089
0.2080 5.1242
0.2090 5.1368
0.2100 5.1470
0.2110 5.1547
0.2120 5.1601
0.2130 5.1633
0.2140 5.1643
0.2150 5.1633
0.2160 5.1603
0.2170 5.1553
0.2180 5.1486
0.2190 5.1401
0.2200 5.1299
0.2210 5.1181
0.2220 5.1047
0.2230 5.0899
0.2240 5.0737
0.2250 5.0561
0.2260 5.0905
0.2270 5.1215
0.2280 5.1494
0.2290 5.1741
0.2300 5.1958
0.2310 5.2147
0.2320 5.2307
0.2330 5.2441
0.2340 5.2549
0.2350 5.2632
0.2360 5.2691
0.2370 5.2727
0.2380 5.2741
0.2390 5.2734
0.2400 5.2707
0.2410 5.2660
0.2420 5.2594
0.2430 5.2510
0.2440 5.2409
0.2450 5.2291
0.2460 5.2157
0.2470 5.2008
0.2480 5.1845
0.2490 5.1667
0.2500 5.1477
0.2510 5.1806
0.2520 5.2102
0.2530 5.2367
0.2540 5.2600
0.2550 5.2803
0.2560 5.2978
0.2570 5.3126
0.2580 5.3246
0.2590 5.3341
0.2600 5.3412
0.2610 5.3458
0.2620 5.3482
0.2630 5.3484
0.2640 5.3465
0.2650 5.3426
0.2660 5.3367
0.2670 5.3290
0.2680 5.3195
0.2690 5.3082
0.2700 5.2954
0.2710 5.2809
0.2720 5.2650
0.2730 5.2476
0.2740 5.2288
0.2750 5.2088
0.2760 5.2407
0.2770 5.2694
0.2780 5.2948
0.2790 5.3172
0.2800 5.3366
0.2810 5.3532
0.2820 5.3670
0.2830 5.3782
0.2840 5.3868
0.2850 5.3930
0.2860 5.3968
0.2870 5.3984
0.2880 5.3978
0.2890 5.3950
0.2900 5.3903
0.2910 5.3837
0.2920 5.3752
0.2930 5.3649
0.2940 5.3529
0.2950 5.3393
0.2960 5.3241
0.2970 5.3075
0.2980 5.2894
0.2990 5.2699
0.3000 5.2492
0.3010 5.2805
0.3020 5.3085
0.3030 5.3333
0.3040 5.3550
0.3050 5.3738
0.3060 5.3898
0.3070 5.4030
0.3080 5.4136
0.3090 5.4216
0.3100 5.4272
0.3110 5.4305
0.3120 5.4315
0.3130 5.4303
0.3140 5.4270
0.3150 5.4218
0.3160 5.4146
0.3170 5.4056
0.3180 5.3948
0.3190 5.3823
0.3200 5.3682
0.3210 5.3526
0.3220 5.3354
0.3230 5.3169
0.3240 5.2970
0.3250 5.2758
0.3260 5.3066
0.3270 5.3341
0.3280 5.3585
0.3290 5.3799
0.3300 5.3982
0.3310 5.4138
0.3320 5.4266
0.3330 5.4368
0.3340 5.4444
0.3350 5.4496
0.3360 5.4525
0.3370 5.4531
0.3380 5.4516
0.3390 5.4480
0.3400 5.4424
0.3410 5.4348
0.3420 5.4255
0.3430 5.4143
0.3440 5.4015
0.3450 5.3871
0.3460 5.3711
0.3470 5.3537
0.3480 5.3348
0.3490 5.3146
0.3500 5.2931
0.3510 5.3237
0.3520 5.3509
0.3530 5.3750
0.3540 5.3961
0.3550 5.4142
0.3560 5.4294
0.3570 5.4420
0.3580 5.4519
0.3590 5.4593
0.3600 5.4642
0.3610 5.4669
0.3620 5.4672
0.3630 5.4655
0.3640 5.4616
0.3650 5.4558
0.3660 5.4480
0.3670 5.4384
0.3680 5.4271
0.3690 5.4140
0.3700 5.3994
0.3710 5.3832
0.3720 5.3656
0.3730 5.3465
0.3740 5.3261
0.3750 5.3044
0.3760 5.3347
0.3770 5.3618
0.3780 5.3857
0.3790 5.4066
0.3800 5.4245
0.3810 5.4396
0.3820 5.4520
0.3830 5.4617
0.3840 5.4689
0.3850 5.4737
0.3860 5.4762
0.3870 5.4764
0.3880 5.4745
0.3890 5.4704
0.3900 5.4644
0.3910 5.4565
0.3920 5.4468
0.3930 5.4353
0.3940 5.4221
0.3950 5.4074
0.3960 5.3911
0.3970 5.3733
0.3980 5.3541
0.3990 5.3335
0.4000 5.3117
0.4010 5.3419
0.4020 5.3688
0.4030 5.3926
0.4040 5.4134
0.4050 5.4312
0.4060 5.4462
0.4070 5.4584
0.4080 5.4680
0.4090 5.4752
0.4100 5.4798
0.4110 5.4822
0.4120 5.4823
0.4130 5.4803
0.4140 5.4762
0.4150 5.4701
0.4160 5.4621
0.4170 5.4522
0.4180 5.4406
0.4190 5.4274
0.4200 5.4125
0.4210 5.3961
0.4220 5.3782
0.4230 5.3589
0.4240 5.3383
0.4250 5.3164
0.4260 5.3465
0.4270 5.3734
0.4280 5.3971
0.4290 5.4178
0.4300 5.4355
0.4310 5.4504
0.4320 5.4626
0.4330 5.4721
0.4340 5.4792
0.4350 5.4838
0.4360 5.4861
0.4370 5.4861
0.4380 5.4840
0.4390 5.4798
0.4400 5.4737
0.4410 5.4656
0.4420 5.4557
0.4430 5.4441
0.4440 5.4307
0.4450 5.4158
0.4460 5.3993
0.4470 5.3814
0.4480 5.3621
0.4490 5.3414
0.4500 5.3194
0.4510 5.3495
0.4520 5.3763
0.4530 5.4000
0.4540 5.4206
0.4550 5.4382
0.4560 5.4531
0.4570 5.4652
0.4580 5.4747
0.4590 5.4817
0.4600 5.4863
0.4610 5.4885
0.4620 5.4885
0.4630 5.4864
0.4640 5.4822
0.4650 5.4760
0.4660 5.4679
0.4670 5.4579
0.4680 5.4462
0.4690 5.4329
0.4700 5.4179
0.4710 5.4014
0.4720 5.3834
0.4730 5.3641
0.4740 5.3433
0.4750 5.3213
0.4760 5.3514
0.4770 5.3782
0.4780 5.4018
0.4790 5.4224
0.4800 5.4400
0.4810 5.4548
0.4820 5.4669
0.4830 5.4764
0.4840 5.4834
0.4850 5.4879
0.4860 5.4901
0.4870 5.4901
0.4880 5.4879
0.4890 5.4837
0.4900 5.4774
0.4910 5.4693
0.4920 5.4594
0.4930 5.4476
0.4940 5.4343
0.4950 5.4193
0.4960 5.4027
0.4970 5.3847
0.4980 5.3653
0.4990 5.3446
0.5000 5.3226
0.5010 5.3526
0.5020 5.3794
0.5030 5.4030
0.5040 5.4235
0.5050 5.4411
0.5060 5.4559
0.5070 5.4680
0.5080 5.4775
0.5090 5.4844
0.5100 5.4890
0.5110 5.4911
0.5120 5.4911
0.5130 5.4889
0.5140 5.4846
0.5150 5.4784
0.5160 5.4702
0.5170 5.4603
0.5180 5.4485
0.5190 5.4351
0.5200 5.4201
0.5210 5.4036
0.5220 5.3856
0.5230 5.3662
0.5240 5.3454
0.5250 5.3233
0.5260 5.3534
0.5270 5.3801
0.5280 5.4037
0.5290 5.4242
0.5300 5.4419
0.5310 5.4566
0.5320 5.4687
0.5330 5.4782
0.5340 5.4851
0.5350 5.4896
0.5360 5.4918
0.5370 5.4917
0.5380 5.4895
0.5390 5.4852
0.5400 5.4790
0.5410 5.4708
0.5420 5.4608
0.5430 5.4491
0.5440 5.4357
0.5450 5.4207
0.5460 5.4041
0.5470 5.3861
0.5480 5.3667
0.5490 5.3459
0.5500 5.3238
0.5510 5.3539
0.5520 5.3806
0.5530 5.4042
0.5540 5.4247
0.5550 5.4423
0.5560 5.4571
0.5570 5.4692
0.5580 5.4786
0.5590 5.4855
0.5600 5.4900
0.5610 5.4922
0.5620 5.4921
0.5630 5.4899
0.5640 5.4856
0.5650 5.4794
0.5660 5.4712
0.5670 5.4612
0.5680 5.4495
0.5690 5.4360
0.5700 5.4210
0.5710 5.4045
0.5720 5.3864
0.5730 5.3670
0.5740 5.3462
0.5750 5.3242
0.5760 5.3542
0.5770 5.3809
0.5780 5.4045
0.5790 5.4250
0.5800 5.4426
0.5810 5.4574
0.5820 5.4694
0.5830 5.4789
0.5840 5.4858
0.5850 5.4903
0.5860 5.4925
0.5870 5.4924
0.5880 5.4902
0.5890 5.4859
0.5900 5.4796
0.5910 5.4714
0.5920 5.4614
0.5930 5.4497
0.5940 5.4363
0.5950 5.4212
0.5960 5.4047
0.5970 5.3866
0.5980 5.3672
0.5990 5.3464
0.6000 5.3244
