0.0000 0.0000
0.0010 0.0533
0.0020 0.1045
0.0030 0.1536
0.0040 0.2007
0.0050 0.2460
0.0060 0.2893
0.0070 0.3308
0.0080 0.3706
0.0090 0.4087
0.0100 0.4451
0.0110 0.4799
0.0120 0.5132
0.0130 0.5449
0.0140 0.5752
0.0150 0.6041
0.0160 0.6316
0.0170 0.6578
0.0180 0.6827
0.0190 0.7064
0.0200 0.7288
0.0210 0.7501
0.0220 0.7703
0.0230 0.7894
0.0240 0.8074
0.0250 0.8244
0.0260 0.8404
0.0270 0.8554
0.0280 0.8695
0.0290 0.8827
0.0300 0.8951
0.0310 0.9066
0.0320 0.9173
0.0330 0.9273
0.0340 0.9364
0.0350 0.9449
0.0360 0.9527
0.0370 0.9597
0.0380 0.9661
0.0390 0.9719
0.0400 0.9771
0.0410 0.9817
0.0420 0.9857
0.0430 0.9892
0.0440 0.9922
0.0450 0.9947
0.0460 0.9966
0.0470 0.9981
0.0480 0.9992
0.0490 0.9998
0.0500 1.0000
0.0510 0.9998
0.0520 0.9992
0.0530 0.9983
0.0540 0.9970
0.0550 0.9953
0.0560 0.9934
0.0570 0.9911
0.0580 0.9885
0.0590 0.9856
0.0600 0.9825
0.0610 0.9791
0.0620 0.9754
0.0630 0.9715
0.0640 0.9674
0.0650 0.9631
0.0660 0.9585
0.0670 0.9538
0.0680 0.9488
0.0690 0.9437
0.0700 0.9384
0.0710 0.9330
0.0720 0.9274
0.0730 0.9217
0.0740 0.9158
0.0750 0.9098
0.0760 0.9037
0.0770 0.8974
0.0780 0.8911
0.0790 0.8846
0.0800 0.8781
0.0810 0.8715
0.0820 0.8648
0.0830 0.8580
0.0840 0.8511
0.0850 0.8442
0.0860 0.8372
0.0870 0.8302
0.0880 0.8231
0.0890 0.8160
0.0900 0.8088
0.0910 0.8016
0.0920 0.7943
0.0930 0.7871
0.0940 0.7798
0.0950 0.7725
0.0960 0.7652
0.0970 0.7578
0.0980 0.7505
0.0990 0.7431
0.1000 0.7358
0.1010 0.7284
0.1020 0.7210
0.1030 0.7137
0.1040 0.7064
0.1050 0.6990
0.1060 0.6917
0.1070 0.6844
0.1080 0.6771
0.1090 0.6699
0.1100 0.6626
0.1110 0.6554
0.1120 0.6482
0.1130 0.6411
0.1140 0.6339
0.1150 0.6268
0.1160 0.6198
0.1170 0.6127
0.1180 0.6057
0.1190 0.5988
0.1200 0.5918
0.1210 0.5849
0.1220 0.5781
0.1230 0.5713
0.1240 0.5645
0.1250 0.5578
0.1260 0.5512
0.1270 0.5445
0.1280 0.5379
0.1290 0.5314
0.1300 0.5249
0.1310 0.5185
0.1320 0.5121
0.1330 0.5058
0.1340 0.4995
0.1350 0.4932
0.1360 0.4871
0.1370 0.4809
0.1380 0.4748
0.1390 0.4688
0.1400 0.4628
0.1410 0.4569
0.1420 0.4510
0.1430 0.4452
0.1440 0.4395
0.1450 0.4337
0.1460 0.4281
0.1470 0.4225
0.1480 0.4169
0.1490 0.4114
0.1500 0.4060
0.1510 0.4006
0.1520 0.3953
0.1530 0.3900
0.1540 0.3848
0.1550 0.3796
0.1560 0.3745
0.1570 0.3694
0.1580 0.3644
0.1590 0.3595
0.1600 0.3546
0.1610 0.3497
0.1620 0.3449
0.1630 0.3402
0.1640 0.3355
0.1650 0.3309
0.1660 0.3263
0.1670 0.3217
0.1680 0.3173
0.1690 0.3128
0.1700 0.3084
0.1710 0.3041
0.1720 0.2998
0.1730 0.2956
0.1740 0.2914
0.1750 0.2873
0.1760 0.2832
0.1770 0.2792
0.1780 0.2752
0.1790 0.2713
0.1800 0.2674
0.1810 0.2635
0.1820 0.2598
0.1830 0.2560
0.1840 0.2523
0.1850 0.2487
0.1860 0.2451
0.1870 0.2415
0.1880 0.2380
0.1890 0.2345
0.1900 0.2311
0.1910 0.2277
0.1920 0.2244
0.1930 0.2211
0.1940 0.2178
0.1950 0.2146
0.1960 0.2114
0.1970 0.2083
0.1980 0.2052
0.1990 0.2022
0.2000 0.1991
0.2010 0.2495
0.2020 0.2977
0.2030 0.3440
0.2040 0.3883
0.2050 0.4307
0.2060 0.4712
0.2070 0.5100
0.2080 0.5471
0.2090 0.5825
0.2100 0.6163
0.2110 0.6485
0.2120 0.6792
0.2130 0.7085
0.2140 0.7363
0.2150 0.7627
0.2160 0.7878
0.2170 0.8116
0.2180 0.8342
0.2190 0.8555
0.2200 0.8757
0.2210 0.8947
0.2220 0.9127
0.2230 0.9295
0.2240 0.9454
0.2250 0.9602
0.2260 0.9741
0.2270 0.9871
0.2280 0.9992
0.2290 1.0104
0.2300 1.0208
0.2310 1.0304
0.2320 1.0391
0.2330 1.0472
0.2340 1.0545
0.2350 1.0611
0.2360 1.0670
0.2370 1.0723
0.2380 1.0770
0.2390 1.0810
0.2400 1.0845
0.2410 1.0874
0.2420 1.0898
0.2430 1.0916
0.2440 1.0930
0.2450 1.0938
0.2460 1.0942
0.2470 1.0942
0.2480 1.0937
0.2490 1.0929
0.2500 1.0916
0.2510 1.0899
0.2520 1.0879
0.2530 1.0856
0.2540 1.0829
0.2550 1.0798
0.2560 1.0765
0.2570 1.0729
0.2580 1.0690
0.2590 1.0649
0.2600 1.0605
0.2610 1.0558
0.2620 1.0509
0.2630 1.0458
0.2640 1.0405
0.2650 1.0350
0.2660 1.0293
0.2670 1.0234
0.2680 1.0173
0.2690 1.0111
0.2700 1.0047
0.2710 0.9982
0.2720 0.9916
0.2730 0.9848
0.2740 0.9779
0.2750 0.9709
0.2760 0.9638
0.2770 0.9566
0.2780 0.9493
0.2790 0.9419
0.2800 0.9344
0.2810 0.9268
0.2820 0.9192
0.2830 0.9116
0.2840 0.9038
0.2850 0.8960
0.2860 0.8882
0.2870 0.8803
0.2880 0.8724
0.2890 0.8645
0.2900 0.8565
0.2910 0.8485
0.2920 0.8405
0.2930 0.8325
0.2940 0.8245
0.2950 0.8164
0.2960 0.8084
0.2970 0.8003
0.2980 0.7923
0.2990 0.7842
0.3000 0.7762
0.3010 0.7682
0.3020 0.7601
0.3030 0.7522
0.3040 0.7442
0.3050 0.7362
0.3060 0.7283
0.3070 0.7204
0.3080 0.7125
0.3090 0.7046
0.3100 0.6968
0.3110 0.6890
0.3120 0.6813
0.3130 0.6736
0.3140 0.6659
0.3150 0.6583
0.3160 0.6507
0.3170 0.6431
0.3180 0.6356
0.3190 0.6282
0.3200 0.6207
0.3210 0.6134
0.3220 0.6061
0.3230 0.5988
0.3240 0.5916
0.3250 0.5844
0.3260 0.5773
0.3270 0.5702
0.3280 0.5632
0.3290 0.5562
0.3300 0.5493
0.3310 0.5425
0.3320 0.5357
0.3330 0.5290
0.3340 0.5223
0.3350 0.5157
0.3360 0.5091
0.3370 0.5026
0.3380 0.4961
0.3390 0.4898
0.3400 0.4834
0.3410 0.4772
0.3420 0.4709
0.3430 0.4648
0.3440 0.4587
0.3450 0.4527
0.3460 0.4467
0.3470 0.4408
0.3480 0.4349
0.3490 0.4291
0.3500 0.4234
0.3510 0.4177
0.3520 0.4121
0.3530 0.4065
0.3540 0.4010
0.3550 0.3955
0.3560 0.3902
0.3570 0.3848
0.3580 0.3796
0.3590 0.3743
0.3600 0.3692
0.3610 0.3641
0.3620 0.3590
0.3630 0.3541
0.3640 0.3491
0.3650 0.3443
0.3660 0.3394
0.3670 0.3347
0.3680 0.3300
0.3690 0.3253
0.3700 0.3207
0.3710 0.3162
0.3720 0.3117
0.3730 0.3073
0.3740 0.3029
0.3750 0.2986
0.3760 0.2943
0.3770 0.2901
0.3780 0.2859
0.3790 0.2818
0.3800 0.2777
0.3810 0.2737
0.3820 0.2697
0.3830 0.2658
0.3840 0.2620
0.3850 0.2581
0.3860 0.2544
0.3870 0.2506
0.3880 0.2470
0.3890 0.2433
0.3900 0.2398
0.3910 0.2362
0.3920 0.2327
0.3930 0.2293
0.3940 0.2259
0.3950 0.2226
0.3960 0.2192
0.3970 0.2160
0.3980 0.2128
0.3990 0.2096
0.4000 0.2064
0.4010 0.2566
0.4020 0.3048
0.4030 0.3509
0.4040 0.3951
0.4050 0.4373
0.4060 0.4778
0.4070 0.5165
0.4080 0.5535
0.4090 0.5887
0.4100 0.6224
0.4110 0.6545
0.4120 0.6852
0.4130 0.7143
0.4140 0.7420
0.4150 0.7683
0.4160 0.7933
0.4170 0.8170
0.4180 0.8395
0.4190 0.8607
0.4200 0.8808
0.4210 0.8998
0.4220 0.9176
0.4230 0.9344
0.4240 0.9502
0.4250 0.9650
0.4260 0.9788
0.4270 0.9917
0.4280 1.0037
0.4290 1.0148
0.4300 1.0251
0.4310 1.0346
0.4320 1.0433
0.4330 1.0513
0.4340 1.0585
0.4350 1.0650
0.4360 1.0709
0.4370 1.0761
0.4380 1.0807
0.4390 1.0847
0.4400 1.0881
0.4410 1.0910
0.4420 1.0933
0.4430 1.0950
0.4440 1.0963
0.4450 1.0971
0.4460 1.0975
0.4470 1.0974
0.4480 1.0969
0.4490 1.0959
0.4500 1.0946
0.4510 1.0929
0.4520 1.0908
0.4530 1.0884
0.4540 1.0857
0.4550 1.0826
0.4560 1.0792
0.4570 1.0756
0.4580 1.0716
0.4590 1.0674
0.4600 1.0630
0.4610 1.0583
0.4620 1.0534
0.4630 1.0482
0.4640 1.0428
0.4650 1.0373
0.4660 1.0315
0.4670 1.0256
0.4680 1.0195
0.4690 1.0133
0.4700 1.0069
0.4710 1.0003
0.4720 0.9936
0.4730 0.9868
0.4740 0.9799
0.4750 0.9728
0.4760 0.9657
0.4770 0.9584
0.4780 0.9511
0.4790 0.9437
0.4800 0.9362
0.4810 0.9286
0.4820 0.9209
0.4830 0.9132
0.4840 0.9055
0.4850 0.8977
0.4860 0.8898
0.4870 0.8819
0.4880 0.8740
0.4890 0.8660
0.4900 0.8580
0.4910 0.8500
0.4920 0.8419
0.4930 0.8339
0.4940 0.8258
0.4950 0.8178
0.4960 0.8097
0.4970 0.8016
0.4980 0.7935
0.4990 0.7855
0.5000 0.7774
0.5010 0.7694
0.5020 0.7613
0.5030 0.7533
0.5040 0.7453
0.5050 0.7373
0.5060 0.7294
0.5070 0.7215
0.5080 0.7136
0.5090 0.7057
0.5100 0.6979
0.5110 0.6901
0.5120 0.6823
0.5130 0.6746
0.5140 0.6669
0.5150 0.6592
0.5160 0.6516
0.5170 0.6440
0.5180 0.6365
0.5190 0.6290
0.5200 0.6216
0.5210 0.6142
0.5220 0.6069
0.5230 0.5996
0.5240 0.5924
0.5250 0.5852
0.5260 0.5780
0.5270 0.5710
0.5280 0.5639
0.5290 0.5570
0.5300 0.5501
0.5310 0.5432
0.5320 0.5364
0.5330 0.5296
0.5340 0.5230
0.5350 0.5163
0.5360 0.5097
0.5370 0.5032
0.5380 0.4968
0.5390 0.4904
0.5400 0.4840
0.5410 0.4777
0.5420 0.4715
0.5430 0.4654
0.5440 0.4592
0.5450 0.4532
0.5460 0.4472
0.5470 0.4413
0.5480 0.4354
0.5490 0.4296
0.5500 0.4239
0.5510 0.4182
0.5520 0.4125
0.5530 0.4070
0.5540 0.4014
0.5550 0.3960
0.5560 0.3906
0.5570 0.3853
0.5580 0.3800
0.5590 0.3748
0.5600 0.3696
0.5610 0.3645
0.5620 0.3594
0.5630 0.3545
0.5640 0.3495
0.5650 0.3446
0.5660 0.3398
0.5670 0.3351
0.5680 0.3303
0.5690 0.3257
0.5700 0.3211
0.5710 0.3165
0.5720 0.3120
0.5730 0.3076
0.5740 0.3032
0.5750 0.2989
0.5760 0.2946
0.5770 0.2904
0.5780 0.2862
0.5790 0.2821
0.5800 0.2780
0.5810 0.2740
0.5820 0.2700
0.5830 0.2661
0.5840 0.2622
0.5850 0.2584
0.5860 0.2546
0.5870 0.2509
0.5880 0.2472
0.5890 0.2436
0.5900 0.2400
0.5910 0.2365
0.5920 0.2330
0.5930 0.2295
0.5940 0.2261
0.5950 0.2228
0.5960 0.2195
0.5970 0.2162
0.5980 0.2130
0.5990 0.2098
0.6000 0.2066
