0.0000 0.0000
0.0010 0.0533
0.0020 0.1045
0.0030 0.1536
0.0040 0.2007
0.0050 0.2460
0.0060 0.2893
0.0070 0.3308
0.0080 0.3706
0.0090 0.4087
0.0100 0.4451
0.0110 0.4799
0.0120 0.5132
0.0130 0.5449
0.0140 0.5752
0.0150 0.6041
0.0160 0.6316
0.0170 0.6578
0.0180 0.6827
0.0190 0.7064
0.0200 0.7288
0.0210 0.7501
0.0220 0.7703
0.0230 0.7894
0.0240 0.8074
0.0250 0.8244
0.0260 0.8404
0.0270 0.8554
0.0280 0.8695
0.0290 0.8827
0.0300 0.8951
0.0310 0.9066
0.0320 0.9173
0.0330 0.9273
0.0340 0.9364
0.0350 0.9449
0.0360 0.9527
0.0370 0.9597
0.0380 0.9661
0.0390 0.9719
0.0400 0.9771
0.0410 0.9817
0.0420 0.9857
0.0430 0.9892
0.0440 0.9922
0.0450 0.9947
0.0460 0.9966
0.0470 0.9981
0.0480 0.9992
0.0490 0.9998
0.0500 1.0000
0.0510 0.9998
0.0520 0.9992
0.0530 0.9983
0.0540 0.9970
0.0550 0.9953
0.0560 0.9934
0.0570 0.9911
0.0580 0.9885
0.0590 0.9856
0.0600 0.9825
0.0610 0.9791
0.0620 0.9754
0.0630 0.9715
0.0640 0.9674
0.0650 0.9631
0.0660 0.9585
0.0670 0.9718
0.0680 1.0194
0.0690 1.0648
0.0700 1.1080
0.0710 1.1490
0.0720 1.1880
0.0730 1.2250
0.0740 1.2601
0.0750 1.2933
0.0760 1.3247
0.0770 1.3543
0.0780 1.3823
0.0790 1.4086
0.0800 1.4333
0.0810 1.4565
0.0820 1.4782
0.0830 1.4985
0.0840 1.5174
0.0850 1.5350
0.0860 1.5512
0.0870 1.5662
0.0880 1.5801
0.0890 1.5927
0.0900 1.6043
0.0910 1.6147
0.0920 1.6241
0.0930 1.6326
0.0940 1.6400
0.0950 1.6465
0.0960 1.6521
0.0970 1.6568
0.0980 1.6607
0.0990 1.6638
0.1000 1.6662
0.1010 1.6677
0.1020 1.6686
0.1030 1.6688
0.1040 1.6683
0.1050 1.6672
0.1060 1.6654
0.1070 1.6631
0.1080 1.6603
0.1090 1.6568
0.1100 1.6529
0.1110 1.6485
0.1120 1.6436
0.1130 1.6382
0.1140 1.6325
0.1150 1.6263
0.1160 1.6197
0.1170 1.6127
0.1180 1.6054
0.1190 1.5977
0.1200 1.5897
0.1210 1.5814
0.1220 1.5728
0.1230 1.5639
0.1240 1.5548
0.1250 1.5454
0.1260 1.5358
0.1270 1.5259
0.1280 1.5158
0.1290 1.5056
0.1300 1.4951
0.1310 1.4845
0.1320 1.4737
0.1330 1.4627
0.1340 1.4874
0.1350 1.5280
0.1360 1.5665
0.1370 1.6028
0.1380 1.6371
0.1390 1.6694
0.1400 1.6998
0.1410 1.7283
0.1420 1.7550
0.1430 1.7800
0.1440 1.8033
0.1450 1.8250
0.1460 1.8451
0.1470 1.8637
0.1480 1.8808
0.1490 1.8966
0.1500 1.9109
0.1510 1.9240
0.1520 1.9358
0.1530 1.9464
0.1540 1.9558
0.1550 1.9640
0.1560 1.9712
0.1570 1.9773
0.1580 1.9824
0.1590 1.9865
0.1600 1.9897
0.1610 1.9920
0.1620 1.9934
0.1630 1.9940
0.1640 1.9937
0.1650 1.9927
0.1660 1.9910
0.1670 1.9885
0.1680 1.9854
0.1690 1.9816
0.1700 1.9771
0.1710 1.9721
0.1720 1.9665
0.1730 1.9603
0.1740 1.9537
0.1750 1.9465
0.1760 1.9388
0.1770 1.9307
0.1780 1.9221
0.1790 1.9131
0.1800 1.9037
0.1810 1.8940
0.1820 1.8839
0.1830 1.8734
0.1840 1.8626
0.1850 1.8515
0.1860 1.8401
0.1870 1.8285
0.1880 1.8165
0.1890 1.8044
0.1900 1.7920
0.1910 1.7794
0.1920 1.7666
0.1930 1.7536
0.1940 1.7404
0.1950 1.7270
0.1960 1.7135
0.1970 1.6999
0.1980 1.6861
0.1990 1.6722
0.2000 1.6582
0.2010 1.6974
0.2020 1.7344
0.2030 1.7692
0.2040 1.8020
0.2050 1.8328
0.2060 1.8617
0.2070 1.8887
0.2080 1.9139
0.2090 1.9373
0.2100 1.9591
0.2110 1.9793
0.2120 1.9979
0.2130 2.0150
0.2140 2.0306
0.2150 2.0448
0.2160 2.0577
0.2170 2.0692
0.2180 2.0795
0.2190 2.0886
0.2200 2.0965
0.2210 2.1032
0.2220 2.1089
0.2230 2.1135
0.2240 2.1171
0.2250 2.1198
0.2260 2.1215
0.2270 2.1223
0.2280 2.1222
0.2290 2.1213
0.2300 2.1197
0.2310 2.1172
0.2320 2.1140
0.2330 2.1101
0.2340 2.1056
0.2350 2.1004
0.2360 2.0945
0.2370 2.0881
0.2380 2.0811
0.2390 2.0736
0.2400 2.0656
0.2410 2.0570
0.2420 2.0480
0.2430 2.0385
0.2440 2.0286
0.2450 2.0183
0.2460 2.0077
0.2470 1.9966
0.2480 1.9852
0.2490 1.9735
0.2500 1.9614
0.2510 1.9491
0.2520 1.9364
0.2530 1.9235
0.2540 1.9104
0.2550 1.8970
0.2560 1.8834
0.2570 1.8696
0.2580 1.8557
0.2590 1.8415
0.2600 1.8272
0.2610 1.8127
0.2620 1.7980
0.2630 1.7833
0.2640 1.7684
0.2650 1.7534
0.2660 1.7383
0.2670 1.7411
0.2680 1.7784
0.2690 1.8136
0.2700 1.8467
0.2710 1.8777
0.2720 1.9068
0.2730 1.9340
0.2740 1.9594
0.2750 1.9830
0.2760 2.0049
0.2770 2.0252
0.2780 2.0438
0.2790 2.0610
0.2800 2.0766
0.2810 2.0909
0.2820 2.1037
0.2830 2.1153
0.2840 2.1255
0.2850 2.1345
0.2860 2.1423
0.2870 2.1490
0.2880 2.1546
0.2890 2.1591
0.2900 2.1626
0.2910 2.1651
0.2920 2.1666
0.2930 2.1673
0.2940 2.1670
0.2950 2.1660
0.2960 2.1641
0.2970 2.1614
0.2980 2.1580
0.2990 2.1539
0.3000 2.1491
0.3010 2.1437
0.3020 2.1376
0.3030 2.1309
0.3040 2.1237
0.3050 2.1159
0.3060 2.1075
0.3070 2.0987
0.3080 2.0894
0.3090 2.0797
0.3100 2.0695
0.3110 2.0589
0.3120 2.0479
0.3130 2.0365
0.3140 2.0248
0.3150 2.0128
0.3160 2.0004
0.3170 1.9877
0.3180 1.9748
0.3190 1.9616
0.3200 1.9481
0.3210 1.9344
0.3220 1.9205
0.3230 1.9063
0.3240 1.8920
0.3250 1.8775
0.3260 1.8628
0.3270 1.8480
0.3280 1.8330
0.3290 1.8179
0.3300 1.8027
0.3310 1.7874
0.3320 1.7720
0.3330 1.7564
0.3340 1.7766
0.3350 1.8128
0.3360 1.8469
0.3370 1.8789
0.3380 1.9089
0.3390 1.9370
0.3400 1.9632
0.3410 1.9877
0.3420 2.0104
0.3430 2.0314
0.3440 2.0508
0.3450 2.0686
0.3460 2.0849
0.3470 2.0998
0.3480 2.1133
0.3490 2.1254
0.3500 2.1362
0.3510 2.1457
0.3520 2.1540
0.3530 2.1612
0.3540 2.1672
0.3550 2.1721
0.3560 2.1760
0.3570 2.1789
0.3580 2.1808
0.3590 2.1818
0.3600 2.1819
0.3610 2.1811
0.3620 2.1795
0.3630 2.1772
0.3640 2.1740
0.3650 2.1701
0.3660 2.1656
0.3670 2.1603
0.3680 2.1544
0.3690 2.1479
0.3700 2.1409
0.3710 2.1332
0.3720 2.1250
0.3730 2.1163
0.3740 2.1072
0.3750 2.0975
0.3760 2.0874
0.3770 2.0769
0.3780 2.0660
0.3790 2.0547
0.3800 2.0430
0.3810 2.0310
0.3820 2.0187
0.3830 2.0060
0.3840 1.9931
0.3850 1.9799
0.3860 1.9664
0.3870 1.9527
0.3880 1.9388
0.3890 1.9246
0.3900 1.9103
0.3910 1.8957
0.3920 1.8810
0.3930 1.8662
0.3940 1.8511
0.3950 1.8360
0.3960 1.8207
0.3970 1.8053
0.3980 1.7898
0.3990 1.7742
0.4000 1.7585
0.4010 1.7961
0.4020 1.8314
0.4030 1.8647
0.4040 1.8959
0.4050 1.9252
0.4060 1.9525
0.4070 1.9780
0.4080 2.0018
0.4090 2.0238
0.4100 2.0442
0.4110 2.0629
0.4120 2.0801
0.4130 2.0959
0.4140 2.1102
0.4150 2.1231
0.4160 2.1346
0.4170 2.1449
0.4180 2.1539
0.4190 2.1618
0.4200 2.1684
0.4210 2.1740
0.4220 2.1785
0.4230 2.1820
0.4240 2.1844
0.4250 2.1860
0.4260 2.1866
0.4270 2.1863
0.4280 2.1852
0.4290 2.1832
0.4300 2.1805
0.4310 2.1770
0.4320 2.1728
0.4330 2.1680
0.4340 2.1624
0.4350 2.1563
0.4360 2.1495
0.4370 2.1422
0.4380 2.1343
0.4390 2.1259
0.4400 2.1169
0.4410 2.1075
0.4420 2.0977
0.4430 2.0874
0.4440 2.0767
0.4450 2.0655
0.4460 2.0541
0.4470 2.0422
0.4480 2.0300
0.4490 2.0176
0.4500 2.0048
0.4510 1.9917
0.4520 1.9783
0.4530 1.9647
0.4540 1.9509
0.4550 1.9368
0.4560 1.9226
0.4570 1.9081
0.4580 1.8935
0.4590 1.8787
0.4600 1.8637
0.4610 1.8486
0.4620 1.8333
0.4630 1.8180
0.4640 1.8025
0.4650 1.7869
0.4660 1.7713
0.4670 1.7735
0.4680 1.8103
0.4690 1.8449
0.4700 1.8774
0.4710 1.9080
0.4720 1.9365
0.4730 1.9632
0.4740 1.9881
0.4750 2.0112
0.4760 2.0327
0.4770 2.0524
0.4780 2.0707
0.4790 2.0873
0.4800 2.1026
0.4810 2.1163
0.4820 2.1288
0.4830 2.1399
0.4840 2.1497
0.4850 2.1583
0.4860 2.1657
0.4870 2.1720
0.4880 2.1771
0.4890 2.1813
0.4900 2.1844
0.4910 2.1865
0.4920 2.1877
0.4930 2.1880
0.4940 2.1874
0.4950 2.1859
0.4960 2.1837
0.4970 2.1807
0.4980 2.1770
0.4990 2.1726
0.5000 2.1674
0.5010 2.1617
0.5020 2.1553
0.5030 2.1483
0.5040 2.1408
0.5050 2.1327
0.5060 2.1240
0.5070 2.1149
0.5080 2.1054
0.5090 2.0953
0.5100 2.0849
0.5110 2.0740
0.5120 2.0628
0.5130 2.0511
0.5140 2.0392
0.5150 2.0269
0.5160 2.0143
0.5170 2.0013
0.5180 1.9882
0.5190 1.9747
0.5200 1.9610
0.5210 1.9471
0.5220 1.9329
0.5230 1.9186
0.5240 1.9041
0.5250 1.8893
0.5260 1.8745
0.5270 1.8594
0.5280 1.8443
0.5290 1.8290
0.5300 1.8136
0.5310 1.7980
0.5320 1.7824
0.5330 1.7667
0.5340 1.7867
0.5350 1.8227
0.5360 1.8566
0.5370 1.8885
0.5380 1.9183
0.5390 1.9462
0.5400 1.9723
0.5410 1.9966
0.5420 2.0191
0.5430 2.0400
0.5440 2.0592
0.5450 2.0769
0.5460 2.0931
0.5470 2.1078
0.5480 2.1212
0.5490 2.1331
0.5500 2.1438
0.5510 2.1532
0.5520 2.1614
0.5530 2.1684
0.5540 2.1743
0.5550 2.1791
0.5560 2.1829
0.5570 2.1856
0.5580 2.1874
0.5590 2.1883
0.5600 2.1883
0.5610 2.1874
0.5620 2.1857
0.5630 2.1832
0.5640 2.1799
0.5650 2.1760
0.5660 2.1713
0.5670 2.1660
0.5680 2.1600
0.5690 2.1534
0.5700 2.1462
0.5710 2.1385
0.5720 2.1302
0.5730 2.1214
0.5740 2.1121
0.5750 2.1024
0.5760 2.0922
0.5770 2.0816
0.5780 2.0706
0.5790 2.0592
0.5800 2.0475
0.5810 2.0354
0.5820 2.0230
0.5830 2.0103
0.5840 1.9972
0.5850 1.9840
0.5860 1.9704
0.5870 1.9567
0.5880 1.9426
0.5890 1.9284
0.5900 1.9140
0.5910 1.8994
0.5920 1.8846
0.5930 1.8697
0.5940 1.8546
0.5950 1.8394
0.5960 1.8241
0.5970 1.8086
0.5980 1.7930
0.5990 1.7774
0.6000 1.7617
