0.000 0.0000
0.010 0.0000
0.020 0.0000
0.030 0.0000
0.040 0.0000
0.050 0.0000
0.060 0.0000
0.070 0.0000
0.080 0.0000
0.090 0.0000
0.100 0.0000
0.110 0.0000
0.120 0.0000
0.130 0.0000
0.140 0.0000
0.150 0.0000
0.160 0.0000
0.170 0.0000
0.180 0.0150
0.190 0.0325
0.200 0.0500
0.210 0.0675
0.220 0.0850
0.230 0.1025
0.240 0.1200
0.250 0.1375
0.260 0.1550
0.270 0.1725
0.280 0.1900
0.290 0.2075
0.300 0.2250
0.310 0.2425
0.320 0.2600
0.330 0.2775
0.340 0.2950
0.350 0.3125
0.360 0.3300
0.370 0.3475
0.380 0.3650
0.390 0.3825
0.400 0.4000
0.410 0.4100
0.420 0.4200
0.430 0.4300
0.440 0.4400
0.450 0.4500
0.460 0.4600
0.470 0.4700
0.480 0.4800
0.490 0.4900
0.500 0.5000
0.510 0.5100
0.520 0.5200
0.530 0.5300
0.540 0.5400
0.550 0.5500
0.560 0.5600
0.570 0.5700
0.580 0.5800
0.590 0.5900
0.600 0.6000
0.610 0.6100
0.620 0.6200
0.630 0.6300
0.640 0.6400
0.650 0.6500
0.660 0.6600
0.670 0.6700
0.680 0.6800
0.690 0.6900
0.700 0.7000
0.710 0.7100
0.720 0.7200
0.730 0.7300
0.740 0.7400
0.750 0.7500
0.760 0.7600
0.770 0.7700
0.780 0.7800
0.790 0.7900
0.800 0.8000
0.810 0.8100
0.820 0.8200
0.830 0.8300
0.840 0.8400
0.850 0.8500
0.860 0.8600
0.870 0.8700
0.880 0.8800
0.890 0.8900
0.900 0.9000
0.910 0.9100
0.920 0.9200
0.930 0.9300
0.940 0.9400
0.950 0.9500
0.960 0.9600
0.970 0.9700
0.980 0.9800
0.990 0.9900
1.000 1.0000
1.010 1.0100
1.020 1.0200
1.030 1.0300
1.040 1.0400
1.050 1.0500
1.060 1.0600
1.070 1.0700
1.080 1.0800
1.090 1.0900
1.100 1.1000
1.110 1.1100
1.120 1.1200
1.130 1.1300
1.140 1.1400
1.150 1.1500
1.160 1.1600
1.170 1.1700
1.180 1.1800
1.190 1.1900
1.200 1.2000
1.210 1.2100
1.220 1.2200
1.230 1.2300
1.240 1.2400
1.250 1.2500
1.260 1.2600
1.270 1.2700
1.280 1.2800
1.290 1.2900
1.300 1.3000
1.310 1.3100
1.320 1.3200
1.330 1.3300
1.340 1.3400
1.350 1.3500
1.360 1.3600
1.370 1.3700
1.380 1.3800
1.390 1.3900
1.400 1.4000
1.410 1.4100
1.420 1.4200
1.430 1.4300
1.440 1.4400
1.450 1.4500
1.460 1.4600
1.470 1.4700
1.480 1.4800
1.490 1.4900
1.500 1.5000
1.510 1.5100
1.520 1.5200
1.530 1.5300
1.540 1.5400
1.550 1.5500
1.560 1.5600
1.570 1.5700
1.580 1.5800
1.590 1.5900
1.600 1.6000
1.610 1.6100
1.620 1.6200
1.630 1.6300
1.640 1.6400
1.650 1.6500
1.660 1.6600
1.670 1.6700
1.680 1.6800
1.690 1.6900
1.700 1.7000
1.710 1.7100
1.720 1.7200
1.730 1.7300
1.740 1.7400
1.750 1.7500
1.760 1.7600
1.770 1.7700
1.780 1.7800
1.790 1.7900
1.800 1.8000
1.810 1.8100
1.820 1.8200
1.830 1.8300
1.840 1.8400
1.850 1.8500
1.860 1.8600
1.870 1.8700
1.880 1.8800
1.890 1.8900
1.900 1.9000
1.910 1.9100
1.920 1.9200
1.930 1.9300
1.940 1.9400
1.950 1.9500
1.960 1.9600
1.970 1.9700
1.980 1.9800
1.990 1.9900
2.000 2.0000
