0.000 0.0000
0.010 0.0000
0.020 0.0000
0.030 0.0000
0.040 0.0000
0.050 0.0000
0.060 0.0000
0.070 0.0000
0.080 0.0000
0.090 0.0000
0.100 0.0000
0.110 0.0000
0.120 0.0000
0.130 0.0000
0.140 0.0000
0.150 0.0000
0.160 0.0000
0.170 0.0000
0.180 0.0000
0.190 0.0000
0.200 0.0000
0.210 0.0000
0.220 0.0000
0.230 0.0000
0.240 0.0000
0.250 0.0000
0.260 0.0000
0.270 0.0000
0.280 0.0000
0.290 0.0000
0.300 0.0000
0.310 0.0000
0.320 0.0000
0.330 0.0000
0.340 0.0000
0.350 0.0000
0.360 0.0000
0.370 0.0000
0.380 0.0000
0.390 0.0000
0.400 0.0000
0.410 0.0000
0.420 0.0000
0.430 0.0000
0.440 0.0000
0.450 0.0000
0.460 0.0000
0.470 0.0000
0.480 0.0000
0.490 0.0000
0.500 0.0000
0.510 0.0000
0.520 0.0000
0.530 0.0000
0.540 0.0000
0.550 0.0000
0.560 0.0000
0.570 0.0000
0.580 0.0000
0.590 0.0000
0.600 0.0000
0.610 0.0000
0.620 0.0000
0.630 0.0000
0.640 0.0000
0.650 0.0000
0.660 0.0000
0.670 0.0000
0.680 0.0000
0.690 0.0000
0.700 0.0000
0.710 0.0000
0.720 0.0000
0.730 0.0000
0.740 0.0000
0.750 0.0000
0.760 0.0000
0.770 0.0000
0.780 0.0000
0.790 0.0000
0.800 0.0000
0.810 0.0000
0.820 0.0000
0.830 0.0000
0.840 0.0000
0.850 0.0000
0.860 0.0050
0.870 0.0225
0.880 0.0400
0.890 0.0575
0.900 0.0750
0.910 0.0925
0.920 0.1100
0.930 0.1275
0.940 0.1450
0.950 0.1625
0.960 0.1800
0.970 0.1975
0.980 0.2150
0.990 0.2325
1.000 0.2500
1.010 0.2675
1.020 0.2850
1.030 0.3025
1.040 0.3200
1.050 0.3375
1.060 0.3550
1.070 0.3725
1.080 0.3900
1.090 0.4075
1.100 0.4250
1.110 0.4425
1.120 0.4600
1.130 0.4775
1.140 0.4950
1.150 0.5125
1.160 0.5300
1.170 0.5475
1.180 0.5650
1.190 0.5825
1.200 0.6000
1.210 0.6175
1.220 0.6350
1.230 0.6525
1.240 0.6700
1.250 0.6875
1.260 0.7050
1.270 0.7225
1.280 0.7400
1.290 0.7575
1.300 0.7750
1.310 0.7925
1.320 0.8100
1.330 0.8275
1.340 0.8450
1.350 0.8625
1.360 0.8800
1.370 0.8975
1.380 0.9150
1.390 0.9325
1.400 0.9500
1.410 0.9675
1.420 0.9850
1.430 1.0025
1.440 1.0200
1.450 1.0375
1.460 1.0550
1.470 1.0725
1.480 1.0900
1.490 1.1075
1.500 1.1250
1.510 1.1425
1.520 1.1600
1.530 1.1775
1.540 1.1950
1.550 1.2125
1.560 1.2300
1.570 1.2475
1.580 1.2650
1.590 1.2825
1.600 1.3000
1.610 1.3175
1.620 1.3350
1.630 1.3525
1.640 1.3700
1.650 1.3875
1.660 1.4050
1.670 1.4225
1.680 1.4400
1.690 1.4575
1.700 1.4750
1.710 1.4925
1.720 1.5100
1.730 1.5275
1.740 1.5450
1.750 1.5625
1.760 1.5800
1.770 1.5975
1.780 1.6150
1.790 1.6325
1.800 1.6500
1.810 1.6675
1.820 1.6850
1.830 1.7025
1.840 1.7200
1.850 1.7375
1.860 1.7550
1.870 1.7725
1.880 1.7900
1.890 1.8075
1.900 1.8250
1.910 1.8425
1.920 1.8600
1.930 1.8775
1.940 1.8950
1.950 1.9125
1.960 1.9300
1.970 1.9475
1.980 1.9650
1.990 1.9825
2.000 2.0000
