0.000 0.0000
0.010 0.0000
0.020 0.0000
0.030 0.0000
0.040 0.0000
0.050 0.0000
0.060 0.0000
0.070 0.0000
0.080 0.0000
0.090 0.0000
0.100 0.0000
0.110 0.0025
0.120 0.0300
0.130 0.0575
0.140 0.0850
0.150 0.1125
0.160 0.1400
0.170 0.1675
0.180 0.1950
0.190 0.2225
0.200 0.2500
0.210 0.2775
0.220 0.3050
0.230 0.3325
0.240 0.3600
0.250 0.3875
0.260 0.4150
0.270 0.4425
0.280 0.4700
0.290 0.4975
0.300 0.5250
0.310 0.5525
0.320 0.5800
0.330 0.6075
0.340 0.6350
0.350 0.6625
0.360 0.6900
0.370 0.7175
0.380 0.7450
0.390 0.7725
0.400 0.8000
0.410 0.8200
0.420 0.8400
0.430 0.8600
0.440 0.8800
0.450 0.9000
0.460 0.9200
0.470 0.9400
0.480 0.9600
0.490 0.9800
0.500 1.0000
0.510 1.0200
0.520 1.0400
0.530 1.0600
0.540 1.0800
0.550 1.1000
0.560 1.1200
0.570 1.1400
0.580 1.1600
0.590 1.1800
0.600 1.2000
0.610 1.2200
0.620 1.2400
0.630 1.2600
0.640 1.2800
0.650 1.3000
0.660 1.3200
0.670 1.3400
0.680 1.3600
0.690 1.3800
0.700 1.4000
0.710 1.4200
0.720 1.4400
0.730 1.4600
0.740 1.4800
0.750 1.5000
0.760 1.5200
0.770 1.5400
0.780 1.5600
0.790 1.5800
0.800 1.6000
0.810 1.6200
0.820 1.6400
0.830 1.6600
0.840 1.6800
0.850 1.7000
0.860 1.7200
0.870 1.7400
0.880 1.7600
0.890 1.7800
0.900 1.8000
0.910 1.8200
0.920 1.8400
0.930 1.8600
0.940 1.8800
0.950 1.9000
0.960 1.9200
0.970 1.9400
0.980 1.9600
0.990 1.9800
1.000 2.0000
1.010 2.0200
1.020 2.0400
1.030 2.0600
1.040 2.0800
1.050 2.1000
1.060 2.1200
1.070 2.1400
1.080 2.1600
1.090 2.1800
1.100 2.2000
1.110 2.2200
1.120 2.2400
1.130 2.2600
1.140 2.2800
1.150 2.3000
1.160 2.3200
1.170 2.3400
1.180 2.3600
1.190 2.3800
1.200 2.4000
1.210 2.4200
1.220 2.4400
1.230 2.4600
1.240 2.4800
1.250 2.5000
1.260 2.5200
1.270 2.5400
1.280 2.5600
1.290 2.5800
1.300 2.6000
1.310 2.6200
1.320 2.6400
1.330 2.6600
1.340 2.6800
1.350 2.7000
1.360 2.7200
1.370 2.7400
1.380 2.7600
1.390 2.7800
1.400 2.8000
1.410 2.8200
1.420 2.8400
1.430 2.8600
1.440 2.8800
1.450 2.9000
1.460 2.9200
1.470 2.9400
1.480 2.9600
1.490 2.9800
1.500 3.0000
1.510 3.0200
1.520 3.0400
1.530 3.0600
1.540 3.0800
1.550 3.1000
1.560 3.1200
1.570 3.1400
1.580 3.1600
1.590 3.1800
1.600 3.2000
1.610 3.2200
1.620 3.2400
1.630 3.2600
1.640 3.2800
1.650 3.3000
1.660 3.3200
1.670 3.3400
1.680 3.3600
1.690 3.3800
1.700 3.4000
1.710 3.4200
1.720 3.4400
1.730 3.4600
1.740 3.4800
1.750 3.5000
1.760 3.5200
1.770 3.5400
1.780 3.5600
1.790 3.5800
1.800 3.6000
1.810 3.6200
1.820 3.6400
1.830 3.6600
1.840 3.6800
1.850 3.7000
1.860 3.7200
1.870 3.7400
1.880 3.7600
1.890 3.7800
1.900 3.8000
1.910 3.8200
1.920 3.8400
1.930 3.8600
1.940 3.8800
1.950 3.9000
1.960 3.9200
1.970 3.9400
1.980 3.9600
1.990 3.9800
2.000 4.0000
