0.000 0.1977
0.200 0.1885
0.400 0.1797
0.600 0.1713
0.800 0.1633
1.000 0.1557
1.200 0.1485
1.400 0.1416
1.600 0.1350
1.800 0.1287
2.000 0.1227
2.200 0.1170
2.400 0.1115
2.600 0.1063
2.800 0.1014
3.000 0.0967
3.200 0.0922
3.400 0.0879
3.600 0.0838
3.800 0.0799
4.000 0.0762
4.200 0.0726
4.400 0.0760
4.600 0.0861
4.800 0.0961
5.000 0.1060
5.200 0.1158
5.400 0.1254
5.600 0.1350
5.800 0.1444
6.000 0.1538
6.200 0.1630
6.400 0.1722
6.600 0.1812
6.800 0.1902
7.000 0.1990
7.200 0.2078
7.400 0.2165
7.600 0.2250
7.800 0.2335
8.000 0.2419
8.200 0.2502
8.400 0.2584
8.600 0.2665
8.800 0.2745
9.000 0.2824
9.200 0.2903
9.400 0.2980
9.600 0.3057
9.800 0.3133
10.000 0.3208
10.200 0.3282
10.400 0.3356
10.600 0.3428
10.800 0.3500
11.000 0.3571
11.200 0.3641
11.400 0.3711
11.600 0.3780
11.800 0.3848
12.000 0.3915
12.200 0.3981
12.400 0.4047
12.600 0.4112
12.800 0.4177
13.000 0.4240
13.200 0.4303
13.400 0.4366
13.600 0.4427
13.800 0.4488
14.000 0.4548
14.200 0.4608
14.400 0.4667
14.600 0.4725
14.800 0.4783
15.000 0.4840
15.200 0.4896
15.400 0.4952
15.600 0.5007
15.800 0.5062
16.000 0.5116
16.200 0.5169
16.400 0.5222
16.600 0.5274
16.800 0.5326
17.000 0.5377
17.200 0.5428
17.400 0.5478
17.600 0.5527
17.800 0.5576
18.000 0.5624
18.200 0.5672
18.400 0.5719
18.600 0.5766
18.800 0.5812
19.000 0.5858
19.200 0.5904
19.400 0.5948
19.600 0.5993
19.800 0.6036
20.000 0.6080
20.200 0.6123
20.400 0.6165
20.600 0.6207
20.800 0.6248
21.000 0.6289
21.200 0.6330
21.400 0.6035
21.600 0.5754
21.800 0.5486
22.000 0.5231
22.200 0.4987
22.400 0.4755
22.600 0.4534
22.800 0.4323
23.000 0.4121
23.200 0.3930
23.400 0.3747
23.600 0.3572
23.800 0.3406
24.000 0.3247
24.200 0.3096
24.400 0.2952
24.600 0.2815
24.800 0.2684
25.000 0.2559
25.200 0.2439
25.400 0.2326
25.600 0.2218
25.800 0.2114
26.000 0.2016
26.200 0.1922
26.400 0.1833
26.600 0.1747
26.800 0.1666
27.000 0.1588
27.200 0.1514
27.400 0.1444
27.600 0.1377
27.800 0.1313
28.000 0.1251
28.200 0.1193
28.400 0.1138
28.600 0.1085
28.800 0.1034
29.000 0.0986
29.200 0.0940
29.400 0.0968
29.600 0.1066
29.800 0.1164
30.000 0.1261
30.200 0.1356
30.400 0.1451
30.600 0.1544
30.800 0.1637
31.000 0.1728
31.200 0.1819
31.400 0.1908
31.600 0.1996
31.800 0.2084
32.000 0.2170
32.200 0.2256
32.400 0.2341
32.600 0.2424
32.800 0.2507
33.000 0.2589
33.200 0.2670
33.400 0.2750
33.600 0.2830
33.800 0.2908
34.000 0.2985
34.200 0.3062
34.400 0.3138
34.600 0.3213
34.800 0.3287
35.000 0.3361
35.200 0.3433
35.400 0.3505
35.600 0.3576
35.800 0.3646
36.000 0.3716
36.200 0.3784
36.400 0.3852
36.600 0.3919
36.800 0.3986
37.000 0.4052
37.200 0.4117
37.400 0.4181
37.600 0.4245
37.800 0.4308
38.000 0.4370
38.200 0.4431
38.400 0.4492
38.600 0.4552
38.800 0.4612
39.000 0.4671
39.200 0.4729
39.400 0.4787
39.600 0.4844
39.800 0.4900
40.000 0.4956
40.200 0.5011
40.400 0.5066
40.600 0.5120
40.800 0.5173
41.000 0.5226
41.200 0.5278
41.400 0.5329
41.600 0.5380
41.800 0.5431
42.000 0.5481
42.200 0.5530
42.400 0.5579
42.600 0.5628
42.800 0.5675
43.000 0.5723
43.200 0.5769
43.400 0.5816
43.600 0.5861
43.800 0.5907
44.000 0.5951
44.200 0.5996
44.400 0.6039
44.600 0.6083
44.800 0.6126
45.000 0.6168
45.200 0.6210
45.400 0.6251
45.600 0.6025
45.800 0.5745
46.000 0.5477
46.200 0.5222
46.400 0.4979
46.600 0.4747
46.800 0.4526
47.000 0.4316
47.200 0.4115
47.400 0.3923
47.600 0.3740
47.800 0.3566
48.000 0.3400
48.200 0.3242
48.400 0.3091
48.600 0.2947
48.800 0.2810
49.000 0.2679
49.200 0.2554
49.400 0.2435
49.600 0.2322
49.800 0.2214
50.000 0.2111
50.200 0.2013
50.400 0.1919
50.600 0.1830
50.800 0.1744
51.000 0.1663
51.200 0.1586
51.400 0.1512
51.600 0.1441
51.800 0.1374
52.000 0.1310
52.200 0.1249
52.400 0.1191
52.600 0.1136
52.800 0.1083
53.000 0.1032
53.200 0.0984
53.400 0.0946
53.600 0.1045
53.800 0.1143
54.000 0.1239
54.200 0.1335
54.400 0.1430
54.600 0.1524
54.800 0.1616
55.000 0.1708
55.200 0.1799
55.400 0.1888
55.600 0.1977
55.800 0.2065
56.000 0.2151
56.200 0.2237
56.400 0.2322
56.600 0.2406
56.800 0.2489
57.000 0.2571
57.200 0.2652
57.400 0.2733
57.600 0.2812
57.800 0.2891
58.000 0.2968
58.200 0.3045
58.400 0.3121
58.600 0.3196
58.800 0.3271
59.000 0.3344
59.200 0.3417
59.400 0.3489
59.600 0.3560
59.800 0.3631
60.000 0.3700
60.200 0.3769
60.400 0.3837
60.600 0.3905
60.800 0.3971
61.000 0.4037
61.200 0.4102
61.400 0.4167
61.600 0.4231
61.800 0.4294
62.000 0.4356
62.200 0.4418
62.400 0.4479
62.600 0.4539
62.800 0.4599
63.000 0.4658
63.200 0.4716
63.400 0.4774
63.600 0.4831
63.800 0.4888
64.000 0.4944
64.200 0.4999
64.400 0.5054
64.600 0.5108
64.800 0.5161
65.000 0.5214
65.200 0.5266
65.400 0.5318
65.600 0.5369
65.800 0.5420
66.000 0.5470
66.200 0.5519
66.400 0.5568
66.600 0.5617
66.800 0.5665
67.000 0.5712
67.200 0.5759
67.400 0.5805
67.600 0.5851
67.800 0.5897
68.000 0.5942
68.200 0.5986
68.400 0.6030
68.600 0.6073
68.800 0.6116
69.000 0.6159
69.200 0.6201
69.400 0.6242
69.600 0.6049
69.800 0.5768
70.000 0.5499
70.200 0.5243
70.400 0.4999
70.600 0.4766
70.800 0.4544
71.000 0.4333
71.200 0.4131
71.400 0.3939
71.600 0.3755
71.800 0.3580
