0.000 0.0661
0.200 0.0631
0.400 0.0604
0.600 0.0580
0.800 0.0559
1.000 0.0541
1.200 0.0526
1.400 0.0515
1.600 0.0507
1.800 0.0502
2.000 0.0500
2.200 0.0502
2.400 0.0507
2.600 0.0515
2.800 0.0526
3.000 0.0541
3.200 0.0559
3.400 0.0580
3.600 0.0604
3.800 0.0631
4.000 0.0661
4.200 0.0694
4.400 0.0729
4.600 0.0767
4.800 0.0808
5.000 0.0851
5.200 0.0897
5.400 0.0945
5.600 0.0995
5.800 0.1046
6.000 0.1100
6.200 0.1155
6.400 0.1212
6.600 0.1270
6.800 0.1329
7.000 0.1389
7.200 0.1451
7.400 0.1512
7.600 0.1575
7.800 0.1637
8.000 0.1700
8.200 0.1763
8.400 0.1825
8.600 0.1888
8.800 0.1949
9.000 0.2011
9.200 0.2071
9.400 0.2130
9.600 0.2188
9.800 0.2245
10.000 0.2300
10.200 0.2354
10.400 0.2405
10.600 0.2455
10.800 0.2503
11.000 0.2549
11.200 0.2592
11.400 0.2633
11.600 0.2671
11.800 0.2706
12.000 0.2739
12.200 0.2769
12.400 0.2796
12.600 0.2820
12.800 0.2841
13.000 0.2859
13.200 0.2874
13.400 0.2885
13.600 0.2893
13.800 0.2898
14.000 0.2900
14.200 0.2898
14.400 0.2893
14.600 0.2885
14.800 0.2874
15.000 0.2859
15.200 0.2841
15.400 0.2820
15.600 0.2796
15.800 0.2769
16.000 0.2739
16.200 0.2706
16.400 0.2671
16.600 0.2633
16.800 0.2592
17.000 0.2549
17.200 0.2503
17.400 0.2455
17.600 0.2405
17.800 0.2354
18.000 0.2300
18.200 0.2245
18.400 0.2188
18.600 0.2130
18.800 0.2071
19.000 0.2011
19.200 0.1949
19.400 0.1888
19.600 0.1825
19.800 0.1763
20.000 0.1700
20.200 0.1637
20.400 0.1575
20.600 0.1512
20.800 0.1451
21.000 0.1389
21.200 0.1329
21.400 0.1270
21.600 0.1212
21.800 0.1155
22.000 0.1100
22.200 0.1046
22.400 0.0995
22.600 0.0945
22.800 0.0897
23.000 0.0851
23.200 0.0808
23.400 0.0767
23.600 0.0729
23.800 0.0694
24.000 0.0661
24.200 0.0631
24.400 0.0604
24.600 0.0580
24.800 0.0559
25.000 0.0541
25.200 0.0526
25.400 0.0515
25.600 0.0507
25.800 0.0502
26.000 0.0500
26.200 0.0502
26.400 0.0507
26.600 0.0515
26.800 0.0526
27.000 0.0541
27.200 0.0559
27.400 0.0580
27.600 0.0604
27.800 0.0631
28.000 0.0661
28.200 0.0694
28.400 0.0729
28.600 0.0767
28.800 0.0808
29.000 0.0851
29.200 0.0897
29.400 0.0945
29.600 0.0995
29.800 0.1046
30.000 0.1100
30.200 0.1155
30.400 0.1212
30.600 0.1270
30.800 0.1329
31.000 0.1389
31.200 0.1451
31.400 0.1512
31.600 0.1575
31.800 0.1637
32.000 0.1700
32.200 0.1763
32.400 0.1825
32.600 0.1888
32.800 0.1949
33.000 0.2011
33.200 0.2071
33.400 0.2130
33.600 0.2188
33.800 0.2245
34.000 0.2300
34.200 0.2354
34.400 0.2405
34.600 0.2455
34.800 0.2503
35.000 0.2549
35.200 0.2592
35.400 0.2633
35.600 0.2671
35.800 0.2706
36.000 0.2739
36.200 0.2769
36.400 0.2796
36.600 0.2820
36.800 0.2841
37.000 0.2859
37.200 0.2874
37.400 0.2885
37.600 0.2893
37.800 0.2898
38.000 0.2900
38.200 0.2898
38.400 0.2893
38.600 0.2885
38.800 0.2874
39.000 0.2859
39.200 0.2841
39.400 0.2820
39.600 0.2796
39.800 0.2769
40.000 0.2739
40.200 0.2706
40.400 0.2671
40.600 0.2633
40.800 0.2592
41.000 0.2549
41.200 0.2503
41.400 0.2455
41.600 0.2405
41.800 0.2354
42.000 0.2300
42.200 0.2245
42.400 0.2188
42.600 0.2130
42.800 0.2071
43.000 0.2011
43.200 0.1949
43.400 0.1888
43.600 0.1825
43.800 0.1763
44.000 0.1700
44.200 0.1637
44.400 0.1575
44.600 0.1512
44.800 0.1451
45.000 0.1389
45.200 0.1329
45.400 0.1270
45.600 0.1212
45.800 0.1155
46.000 0.1100
46.200 0.1046
46.400 0.0995
46.600 0.0945
46.800 0.0897
47.000 0.0851
47.200 0.0808
47.400 0.0767
47.600 0.0729
47.800 0.0694
48.000 0.0661
48.200 0.0631
48.400 0.0604
48.600 0.0580
48.800 0.0559
49.000 0.0541
49.200 0.0526
49.400 0.0515
49.600 0.0507
49.800 0.0502
50.000 0.0500
50.200 0.0502
50.400 0.0507
50.600 0.0515
50.800 0.0526
51.000 0.0541
51.200 0.0559
51.400 0.0580
51.600 0.0604
51.800 0.0631
52.000 0.0661
52.200 0.0694
52.400 0.0729
52.600 0.0767
52.800 0.0808
53.000 0.0851
53.200 0.0897
53.400 0.0945
53.600 0.0995
53.800 0.1046
54.000 0.1100
54.200 0.1155
54.400 0.1212
54.600 0.1270
54.800 0.1329
55.000 0.1389
55.200 0.1451
55.400 0.1512
55.600 0.1575
55.800 0.1637
56.000 0.1700
56.200 0.1763
56.400 0.1825
56.600 0.1888
56.800 0.1949
57.000 0.2011
57.200 0.2071
57.400 0.2130
57.600 0.2188
57.800 0.2245
58.000 0.2300
58.200 0.2354
58.400 0.2405
58.600 0.2455
58.800 0.2503
59.000 0.2549
59.200 0.2592
59.400 0.2633
59.600 0.2671
59.800 0.2706
60.000 0.2739
60.200 0.2769
60.400 0.2796
60.600 0.2820
60.800 0.2841
61.000 0.2859
61.200 0.2874
61.400 0.2885
61.600 0.2893
61.800 0.2898
62.000 0.2900
62.200 0.2898
62.400 0.2893
62.600 0.2885
62.800 0.2874
63.000 0.2859
63.200 0.2841
63.400 0.2820
63.600 0.2796
63.800 0.2769
64.000 0.2739
64.200 0.2706
64.400 0.2671
64.600 0.2633
64.800 0.2592
65.000 0.2549
65.200 0.2503
65.400 0.2455
65.600 0.2405
65.800 0.2354
66.000 0.2300
66.200 0.2245
66.400 0.2188
66.600 0.2130
66.800 0.2071
67.000 0.2011
67.200 0.1949
67.400 0.1888
67.600 0.1825
67.800 0.1763
68.000 0.1700
68.200 0.1637
68.400 0.1575
68.600 0.1512
68.800 0.1451
69.000 0.1389
69.200 0.1329
69.400 0.1270
69.600 0.1212
69.800 0.1155
70.000 0.1100
70.200 0.1046
70.400 0.0995
70.600 0.0945
70.800 0.0897
71.000 0.0851
71.200 0.0808
71.400 0.0767
71.600 0.0729
71.800 0.0694
