0.000 0.5661
0.200 0.5631
0.400 0.5604
0.600 0.5580
0.800 0.5559
1.000 0.5541
1.200 0.5526
1.400 0.5515
1.600 0.5507
1.800 0.5502
2.000 0.5500
2.200 0.5502
2.400 0.5507
2.600 0.5515
2.800 0.5526
3.000 0.5541
3.200 0.5559
3.400 0.5580
3.600 0.5604
3.800 0.5631
4.000 0.5661
4.200 0.5694
4.400 0.5729
4.600 0.5767
4.800 0.5808
5.000 0.5851
5.200 0.5897
5.400 0.5945
5.600 0.5995
5.800 0.6046
6.000 0.6100
6.200 0.6155
6.400 0.6212
6.600 0.6270
6.800 0.6329
7.000 0.6389
7.200 0.6451
7.400 0.6512
7.600 0.6575
7.800 0.6637
8.000 0.6700
8.200 0.6763
8.400 0.6825
8.600 0.6888
8.800 0.6949
9.000 0.7011
9.200 0.7071
9.400 0.7130
9.600 0.7188
9.800 0.7245
10.000 0.7300
10.200 0.7354
10.400 0.7405
10.600 0.7455
10.800 0.7503
11.000 0.7549
11.200 0.7592
11.400 0.7633
11.600 0.7671
11.800 0.7706
12.000 0.7739
12.200 0.7769
12.400 0.7796
12.600 0.7820
12.800 0.7841
13.000 0.7859
13.200 0.7874
13.400 0.7885
13.600 0.7893
13.800 0.7898
14.000 0.7900
14.200 0.7898
14.400 0.7893
14.600 0.7885
14.800 0.7874
15.000 0.7859
15.200 0.7841
15.400 0.7820
15.600 0.7796
15.800 0.7769
16.000 0.7739
16.200 0.7706
16.400 0.7671
16.600 0.7633
16.800 0.7592
17.000 0.7549
17.200 0.7503
17.400 0.7455
17.600 0.7405
17.800 0.7354
18.000 0.7300
18.200 0.7245
18.400 0.7188
18.600 0.7130
18.800 0.7071
19.000 0.7011
19.200 0.6949
19.400 0.6888
19.600 0.6825
19.800 0.6763
20.000 0.6700
20.200 0.6637
20.400 0.6575
20.600 0.6512
20.800 0.6451
21.000 0.6389
21.200 0.6329
21.400 0.6270
21.600 0.6212
21.800 0.6155
22.000 0.6100
22.200 0.6046
22.400 0.5995
22.600 0.5945
22.800 0.5897
23.000 0.5851
23.200 0.5808
23.400 0.5767
23.600 0.5729
23.800 0.5694
24.000 0.5661
24.200 0.5631
24.400 0.5604
24.600 0.5580
24.800 0.5559
25.000 0.5541
25.200 0.5526
25.400 0.5515
25.600 0.5507
25.800 0.5502
26.000 0.5500
26.200 0.5502
26.400 0.5507
26.600 0.5515
26.800 0.5526
27.000 0.5541
27.200 0.5559
27.400 0.5580
27.600 0.5604
27.800 0.5631
28.000 0.5661
28.200 0.5694
28.400 0.5729
28.600 0.5767
28.800 0.5808
29.000 0.5851
29.200 0.5897
29.400 0.5945
29.600 0.5995
29.800 0.6046
30.000 0.6100
30.200 0.6155
30.400 0.6212
30.600 0.6270
30.800 0.6329
31.000 0.6389
31.200 0.6451
31.400 0.6512
31.600 0.6575
31.800 0.6637
32.000 0.6700
32.200 0.6763
32.400 0.6825
32.600 0.6888
32.800 0.6949
33.000 0.7011
33.200 0.7071
33.400 0.7130
33.600 0.7188
33.800 0.7245
34.000 0.7300
34.200 0.7354
34.400 0.7405
34.600 0.7455
34.800 0.7503
35.000 0.7549
35.200 0.7592
35.400 0.7633
35.600 0.7671
35.800 0.7706
36.000 0.7739
36.200 0.7769
36.400 0.7796
36.600 0.7820
36.800 0.7841
37.000 0.7859
37.200 0.7874
37.400 0.7885
37.600 0.7893
37.800 0.7898
38.000 0.7900
38.200 0.7898
38.400 0.7893
38.600 0.7885
38.800 0.7874
39.000 0.7859
39.200 0.7841
39.400 0.7820
39.600 0.7796
39.800 0.7769
40.000 0.7739
40.200 0.7706
40.400 0.7671
40.600 0.7633
40.800 0.7592
41.000 0.7549
41.200 0.7503
41.400 0.7455
41.600 0.7405
41.800 0.7354
42.000 0.7300
42.200 0.7245
42.400 0.7188
42.600 0.7130
42.800 0.7071
43.000 0.7011
43.200 0.6949
43.400 0.6888
43.600 0.6825
43.800 0.6763
44.000 0.6700
44.200 0.6637
44.400 0.6575
44.600 0.6512
44.800 0.6451
45.000 0.6389
45.200 0.6329
45.400 0.6270
45.600 0.6212
45.800 0.6155
46.000 0.6100
46.200 0.6046
46.400 0.5995
46.600 0.5945
46.800 0.5897
47.000 0.5851
47.200 0.5808
47.400 0.5767
47.600 0.5729
47.800 0.5694
48.000 0.5661
48.200 0.5631
48.400 0.5604
48.600 0.5580
48.800 0.5559
49.000 0.5541
49.200 0.5526
49.400 0.5515
49.600 0.5507
49.800 0.5502
50.000 0.5500
50.200 0.5502
50.400 0.5507
50.600 0.5515
50.800 0.5526
51.000 0.5541
51.200 0.5559
51.400 0.5580
51.600 0.5604
51.800 0.5631
52.000 0.5661
52.200 0.5694
52.400 0.5729
52.600 0.5767
52.800 0.5808
53.000 0.5851
53.200 0.5897
53.400 0.5945
53.600 0.5995
53.800 0.6046
54.000 0.6100
54.200 0.6155
54.400 0.6212
54.600 0.6270
54.800 0.6329
55.000 0.6389
55.200 0.6451
55.400 0.6512
55.600 0.6575
55.800 0.6637
56.000 0.6700
56.200 0.6763
56.400 0.6825
56.600 0.6888
56.800 0.6949
57.000 0.7011
57.200 0.7071
57.400 0.7130
57.600 0.7188
57.800 0.7245
58.000 0.7300
58.200 0.7354
58.400 0.7405
58.600 0.7455
58.800 0.7503
59.000 0.7549
59.200 0.7592
59.400 0.7633
59.600 0.7671
59.800 0.7706
60.000 0.7739
60.200 0.7769
60.400 0.7796
60.600 0.7820
60.800 0.7841
61.000 0.7859
61.200 0.7874
61.400 0.7885
61.600 0.7893
61.800 0.7898
62.000 0.7900
62.200 0.7898
62.400 0.7893
62.600 0.7885
62.800 0.7874
63.000 0.7859
63.200 0.7841
63.400 0.7820
63.600 0.7796
63.800 0.7769
64.000 0.7739
64.200 0.7706
64.400 0.7671
64.600 0.7633
64.800 0.7592
65.000 0.7549
65.200 0.7503
65.400 0.7455
65.600 0.7405
65.800 0.7354
66.000 0.7300
66.200 0.7245
66.400 0.7188
66.600 0.7130
66.800 0.7071
67.000 0.7011
67.200 0.6949
67.400 0.6888
67.600 0.6825
67.800 0.6763
68.000 0.6700
68.200 0.6637
68.400 0.6575
68.600 0.6512
68.800 0.6451
69.000 0.6389
69.200 0.6329
69.400 0.6270
69.600 0.6212
69.800 0.6155
70.000 0.6100
70.200 0.6046
70.400 0.5995
70.600 0.5945
70.800 0.5897
71.000 0.5851
71.200 0.5808
71.400 0.5767
71.600 0.5729
71.800 0.5694
