0 0.0000
1 0.0000
2 0.0000
3 0.0000
4 0.0000
5 0.0000
6 0.0000
7 0.0000
8 0.0000
9 0.0000
10 0.0000
11 0.0000
12 0.0000
13 0.0000
14 0.0000
15 0.0000
16 0.0000
17 0.0000
18 0.0000
19 0.0000
20 0.0000
21 0.1000
22 0.1800
23 0.2438
24 0.2947
25 0.3349
26 0.3667
27 0.3916
28 0.4110
29 0.4259
30 0.4372
31 0.4457
32 0.4518
33 0.4560
34 0.4587
35 0.4602
36 0.4607
37 0.4605
38 0.4596
39 0.4582
40 0.4565
41 0.4544
42 0.4521
43 0.4497
44 0.4470
45 0.4443
46 0.4415
47 0.4386
48 0.4357
49 0.4328
50 0.4298
51 0.4269
52 0.4240
53 0.4210
54 0.4181
55 0.4152
56 0.4123
57 0.4095
58 0.4066
59 0.4038
60 0.4011
61 0.3983
62 0.3956
63 0.3929
64 0.3903
65 0.3876
66 0.3850
67 0.3825
68 0.3799
69 0.3774
70 0.3750
71 0.3725
72 0.3701
73 0.3677
74 0.3653
75 0.3630
76 0.3607
77 0.3584
78 0.3562
79 0.3540
80 0.3518
81 0.3496
82 0.3475
83 0.3453
84 0.3433
85 0.3412
86 0.3392
87 0.3371
88 0.3351
89 0.3332
90 0.3312
91 0.3293
92 0.3274
93 0.3255
94 0.3237
95 0.3219
96 0.3201
97 0.3183
98 0.3165
99 0.3148
100 0.3130
101 0.3113
102 0.3097
103 0.3080
104 0.3064
105 0.3047
106 0.3031
107 0.3016
108 0.3000
109 0.2985
110 0.2969
111 0.2954
112 0.2939
113 0.2925
114 0.2910
115 0.2896
116 0.2882
117 0.2868
118 0.2854
119 0.2840
120 0.2827
121 0.2813
122 0.2800
123 0.2787
124 0.2774
125 0.2762
126 0.2749
127 0.2737
128 0.2725
129 0.2712
130 0.2701
131 0.2689
132 0.2677
133 0.2666
134 0.2654
135 0.2643
136 0.2632
137 0.2621
138 0.2610
139 0.2599
140 0.2589
141 0.2578
142 0.2568
143 0.2558
144 0.2548
145 0.2538
146 0.2528
147 0.2518
148 0.2509
149 0.2499
150 0.2490
151 0.2480
152 0.2471
153 0.2462
154 0.2453
155 0.2445
156 0.2436
157 0.2427
158 0.2419
159 0.2410
160 0.2402
161 0.2394
162 0.2386
163 0.2378
164 0.2370
165 0.2362
166 0.2354
167 0.2347
168 0.2339
169 0.2332
170 0.2324
171 0.2317
172 0.2310
173 0.2303
174 0.2296
175 0.2289
176 0.2282
177 0.2275
178 0.2269
179 0.2262
180 0.2256
181 0.2249
182 0.2243
183 0.2237
184 0.2230
185 0.2224
186 0.2218
187 0.2212
188 0.2206
189 0.2201
190 0.2195
191 0.2189
192 0.2183
193 0.2178
194 0.2172
195 0.2167
196 0.2162
197 0.2156
198 0.2151
199 0.2146
200 0.2141
201 0.2136
202 0.2131
203 0.2126
204 0.2121
205 0.2116
206 0.2112
207 0.2107
208 0.2102
209 0.2098
210 0.2093
211 0.2089
212 0.2084
213 0.2080
214 0.2076
215 0.2071
216 0.2067
217 0.2063
218 0.2059
219 0.2055
220 0.2051
221 0.0047
222 -0.1557
223 -0.2838
224 -0.3858
225 -0.4667
226 -0.5306
227 -0.4882
228 -0.4491
229 -0.4132
230 -0.3801
231 -0.3497
232 -0.3217
233 -0.2960
234 -0.2723
235 -0.2505
236 -0.2305
237 -0.2121
238 -0.1951
239 -0.1795
240 -0.1651
241 -0.1519
242 -0.1398
243 -0.1286
244 -0.1183
245 -0.1088
246 -0.1001
247 -0.0921
248 -0.0847
249 -0.0780
250 -0.0717
251 -0.0660
252 -0.0607
253 -0.0559
254 -0.0514
255 -0.0473
256 -0.0435
257 -0.0400
258 -0.0368
259 -0.0339
260 -0.0312
261 -0.0287
262 -0.0264
263 -0.0243
264 -0.0223
265 -0.0205
266 -0.0189
267 -0.0174
268 -0.0160
269 -0.0147
270 -0.0135
271 -0.0125
272 -0.0115
273 -0.0105
274 -0.0097
275 -0.0089
276 -0.0082
277 -0.0076
278 -0.0069
279 -0.0064
280 -0.0059
281 -0.0054
282 -0.0050
283 -0.0046
284 -0.0042
285 -0.0039
286 -0.0036
287 -0.0033
288 -0.0030
289 -0.0028
290 -0.0026
291 -0.0023
292 -0.0022
293 -0.0020
294 -0.0018
295 -0.0017
296 -0.0015
297 -0.0014
298 -0.0013
299 -0.0012
300 -0.0011
301 -0.0010
302 -0.0009
303 -0.0009
304 -0.0008
305 -0.0007
306 -0.0007
307 -0.0006
308 -0.0006
309 -0.0005
310 -0.0005
311 -0.0004
312 -0.0004
313 -0.0004
314 -0.0003
315 -0.0003
316 -0.0003
317 -0.0003
318 -0.0002
319 -0.0002
320 -0.0002
321 -0.0002
322 -0.0002
323 -0.0002
324 -0.0001
325 -0.0001
