0 0.0000
1 0.0000
2 0.0000
3 0.0000
4 0.0000
5 0.0000
6 0.0000
7 0.0000
8 0.0000
9 0.0000
10 0.0000
11 0.0000
12 0.0000
13 0.0000
14 0.0000
15 0.0000
16 0.0000
17 0.0000
18 0.0000
19 0.0000
20 0.0000
21 0.0200
22 0.0375
23 0.0530
24 0.0669
25 0.0794
26 0.0908
27 0.1013
28 0.1110
29 0.1201
30 0.1287
31 0.1369
32 0.1447
33 0.1522
34 0.1594
35 0.1664
36 0.1732
37 0.1798
38 0.1863
39 0.1926
40 0.1989
41 0.2050
42 0.2109
43 0.2168
44 0.2226
45 0.2284
46 0.2340
47 0.2395
48 0.2450
49 0.2504
50 0.2558
51 0.2610
52 0.2662
53 0.2714
54 0.2764
55 0.2814
56 0.2864
57 0.2912
58 0.2961
59 0.3008
60 0.3055
61 0.3102
62 0.3148
63 0.3193
64 0.3238
65 0.3282
66 0.3326
67 0.3369
68 0.3412
69 0.3454
70 0.3495
71 0.3536
72 0.3577
73 0.3617
74 0.3657
75 0.3696
76 0.3735
77 0.3773
78 0.3811
79 0.3848
80 0.3885
81 0.3921
82 0.3957
83 0.3993
84 0.4028
85 0.4063
86 0.4097
87 0.4131
88 0.4164
89 0.4197
90 0.4230
91 0.4262
92 0.4294
93 0.4325
94 0.4356
95 0.4387
96 0.4417
97 0.4447
98 0.4477
99 0.4506
100 0.4535
101 0.4564
102 0.4592
103 0.4620
104 0.4647
105 0.4674
106 0.4701
107 0.4728
108 0.4754
109 0.4780
110 0.4806
111 0.4831
112 0.4856
113 0.4881
114 0.4905
115 0.4929
116 0.4953
117 0.4976
118 0.4999
119 0.5022
120 0.5045
121 0.5067
122 0.5090
123 0.5111
124 0.5133
125 0.5154
126 0.5175
127 0.5196
128 0.5217
129 0.5237
130 0.5257
131 0.5277
132 0.5296
133 0.5316
134 0.5335
135 0.5354
136 0.5372
137 0.5391
138 0.5409
139 0.5427
140 0.5445
141 0.5462
142 0.5480
143 0.5497
144 0.5514
145 0.5530
146 0.5547
147 0.5563
148 0.5579
149 0.5595
150 0.5611
151 0.5627
152 0.5642
153 0.5657
154 0.5672
155 0.5687
156 0.5702
157 0.5716
158 0.5730
159 0.5744
160 0.5758
161 0.5772
162 0.5786
163 0.5799
164 0.5812
165 0.5825
166 0.5838
167 0.5851
168 0.5864
169 0.5876
170 0.5889
171 0.5901
172 0.5913
173 0.5925
174 0.5937
175 0.5948
176 0.5960
177 0.5971
178 0.5982
179 0.5993
180 0.6004
181 0.6015
182 0.6026
183 0.6036
184 0.6046
185 0.6057
186 0.6067
187 0.6077
188 0.6087
189 0.6097
190 0.6106
191 0.6116
192 0.6125
193 0.6135
194 0.6144
195 0.6153
196 0.6162
197 0.6171
198 0.6180
199 0.6188
200 0.6197
201 0.6205
202 0.6214
203 0.6222
204 0.6230
205 0.6238
206 0.6246
207 0.6254
208 0.6262
209 0.6269
210 0.6277
211 0.6284
212 0.6292
213 0.6299
214 0.6306
215 0.6313
216 0.6321
217 0.6327
218 0.6334
219 0.6341
220 0.6348
221 0.5955
222 0.5611
223 0.5307
224 0.5037
225 0.4793
226 0.4571
227 0.4553
228 0.4535
229 0.4516
230 0.4498
231 0.4480
232 0.4463
233 0.4445
234 0.4427
235 0.4409
236 0.4392
237 0.4374
238 0.4356
239 0.4339
240 0.4322
241 0.4304
242 0.4287
243 0.4270
244 0.4253
245 0.4236
246 0.4219
247 0.4202
248 0.4185
249 0.4169
250 0.4152
251 0.4135
252 0.4119
253 0.4102
254 0.4086
255 0.4070
256 0.4053
257 0.4037
258 0.4021
259 0.4005
260 0.3989
261 0.3973
262 0.3957
263 0.3941
264 0.3925
265 0.3910
266 0.3894
267 0.3878
268 0.3863
269 0.3847
270 0.3832
271 0.3817
272 0.3801
273 0.3786
274 0.3771
275 0.3756
276 0.3741
277 0.3726
278 0.3711
279 0.3696
280 0.3682
281 0.3667
282 0.3652
283 0.3638
284 0.3623
285 0.3608
286 0.3594
287 0.3580
288 0.3565
289 0.3551
290 0.3537
291 0.3523
292 0.3509
293 0.3495
294 0.3481
295 0.3467
296 0.3453
297 0.3439
298 0.3425
299 0.3412
300 0.3398
301 0.3384
302 0.3371
303 0.3357
304 0.3344
305 0.3331
306 0.3317
307 0.3304
308 0.3291
309 0.3278
310 0.3264
311 0.3251
312 0.3238
313 0.3225
314 0.3213
315 0.3200
316 0.3187
317 0.3174
318 0.3161
319 0.3149
320 0.3136
321 0.3124
322 0.3111
323 0.3099
324 0.3086
325 0.3074
