0 0.0000
1 0.0000
2 0.0000
3 0.0000
4 0.0000
5 0.0000
6 0.0000
7 0.0000
8 0.0000
9 0.0000
10 0.0000
11 0.0000
12 0.0000
13 0.0000
14 0.0000
15 0.0000
16 0.0000
17 0.0000
18 0.0000
19 0.0000
20 0.0000
21 0.1200
22 0.2175
23 0.2969
24 0.3615
25 0.4143
26 0.4575
27 0.4929
28 0.5220
29 0.5460
30 0.5660
31 0.5825
32 0.5964
33 0.6081
34 0.6181
35 0.6266
36 0.6339
37 0.6403
38 0.6459
39 0.6509
40 0.6553
41 0.6594
42 0.6631
43 0.6665
44 0.6697
45 0.6727
46 0.6755
47 0.6782
48 0.6807
49 0.6832
50 0.6856
51 0.6879
52 0.6902
53 0.6924
54 0.6945
55 0.6966
56 0.6987
57 0.7007
58 0.7027
59 0.7047
60 0.7066
61 0.7085
62 0.7104
63 0.7122
64 0.7140
65 0.7158
66 0.7176
67 0.7194
68 0.7211
69 0.7228
70 0.7245
71 0.7262
72 0.7278
73 0.7294
74 0.7310
75 0.7326
76 0.7342
77 0.7357
78 0.7373
79 0.7388
80 0.7403
81 0.7417
82 0.7432
83 0.7446
84 0.7460
85 0.7474
86 0.7488
87 0.7502
88 0.7516
89 0.7529
90 0.7542
91 0.7555
92 0.7568
93 0.7581
94 0.7593
95 0.7606
96 0.7618
97 0.7630
98 0.7642
99 0.7654
100 0.7666
101 0.7677
102 0.7689
103 0.7700
104 0.7711
105 0.7722
106 0.7733
107 0.7744
108 0.7754
109 0.7765
110 0.7775
111 0.7785
112 0.7795
113 0.7805
114 0.7815
115 0.7825
116 0.7835
117 0.7844
118 0.7853
119 0.7863
120 0.7872
121 0.7881
122 0.7890
123 0.7899
124 0.7907
125 0.7916
126 0.7925
127 0.7933
128 0.7941
129 0.7949
130 0.7958
131 0.7966
132 0.7974
133 0.7981
134 0.7989
135 0.7997
136 0.8004
137 0.8012
138 0.8019
139 0.8026
140 0.8034
141 0.8041
142 0.8048
143 0.8055
144 0.8061
145 0.8068
146 0.8075
147 0.8081
148 0.8088
149 0.8094
150 0.8101
151 0.8107
152 0.8113
153 0.8119
154 0.8125
155 0.8131
156 0.8137
157 0.8143
158 0.8149
159 0.8155
160 0.8160
161 0.8166
162 0.8171
163 0.8177
164 0.8182
165 0.8187
166 0.8193
167 0.8198
168 0.8203
169 0.8208
170 0.8213
171 0.8218
172 0.8223
173 0.8228
174 0.8232
175 0.8237
176 0.8242
177 0.8246
178 0.8251
179 0.8255
180 0.8260
181 0.8264
182 0.8268
183 0.8273
184 0.8277
185 0.8281
186 0.8285
187 0.8289
188 0.8293
189 0.8297
190 0.8301
191 0.8305
192 0.8309
193 0.8313
194 0.8316
195 0.8320
196 0.8324
197 0.8327
198 0.8331
199 0.8334
200 0.8338
201 0.8341
202 0.8344
203 0.8348
204 0.8351
205 0.8354
206 0.8358
207 0.8361
208 0.8364
209 0.8367
210 0.8370
211 0.8373
212 0.8376
213 0.8379
214 0.8382
215 0.8385
216 0.8388
217 0.8391
218 0.8393
219 0.8396
220 0.8399
221 0.6001
222 0.4054
223 0.2469
224 0.1179
225 0.0126
226 -0.0735
227 -0.0329
228 0.0043
229 0.0385
230 0.0697
231 0.0983
232 0.1245
233 0.1485
234 0.1704
235 0.1904
236 0.2087
237 0.2253
238 0.2406
239 0.2544
240 0.2670
241 0.2785
242 0.2890
243 0.2984
244 0.3070
245 0.3148
246 0.3218
247 0.3281
248 0.3338
249 0.3389
250 0.3435
251 0.3475
252 0.3512
253 0.3544
254 0.3572
255 0.3597
256 0.3618
257 0.3637
258 0.3653
259 0.3666
260 0.3677
261 0.3686
262 0.3693
263 0.3698
264 0.3702
265 0.3704
266 0.3705
267 0.3705
268 0.3703
269 0.3700
270 0.3697
271 0.3692
272 0.3687
273 0.3681
274 0.3674
275 0.3667
276 0.3659
277 0.3651
278 0.3642
279 0.3632
280 0.3623
281 0.3613
282 0.3602
283 0.3592
284 0.3581
285 0.3570
286 0.3558
287 0.3547
288 0.3535
289 0.3523
290 0.3511
291 0.3499
292 0.3487
293 0.3475
294 0.3462
295 0.3450
296 0.3437
297 0.3425
298 0.3412
299 0.3400
300 0.3387
301 0.3374
302 0.3361
303 0.3349
304 0.3336
305 0.3323
306 0.3310
307 0.3298
308 0.3285
309 0.3272
310 0.3260
311 0.3247
312 0.3234
313 0.3222
314 0.3209
315 0.3196
316 0.3184
317 0.3171
318 0.3159
319 0.3146
320 0.3134
321 0.3122
322 0.3109
323 0.3097
324 0.3085
325 0.3073
