0.0000 0.0012
0.0020 0.0289
0.0040 0.0713
0.0060 0.1549
0.0080 0.2894
0.0100 0.4172
0.0120 0.5232
0.0140 0.6100
0.0160 0.6810
0.0180 0.7391
0.0200 0.7866
0.0220 0.8255
0.0240 0.8572
0.0260 0.8832
0.0280 0.9045
0.0300 0.9219
0.0320 0.9361
0.0340 0.9477
0.0360 0.9573
0.0380 0.9650
0.0400 0.9714
0.0420 0.9766
0.0440 0.9809
0.0460 0.9844
0.0480 0.9872
0.0500 0.9895
0.0520 0.9914
0.0540 0.9930
0.0560 0.9943
0.0580 0.9953
0.0600 0.9962
0.0620 0.9969
0.0640 0.9974
0.0660 0.9979
0.0680 0.9983
0.0700 0.9986
0.0720 0.9989
0.0740 0.9991
0.0760 0.9992
0.0780 0.9994
0.0800 0.9995
0.0820 0.9996
0.0840 0.9997
0.0860 0.9997
0.0880 0.9998
0.0900 0.9998
0.0920 0.9998
0.0940 0.9999
0.0960 0.9999
0.0980 0.9999
0.1000 0.9999
0.1020 0.9999
0.1040 1.0000
0.1060 1.0000
0.1080 1.0000
0.1100 1.0000
0.1120 1.0000
0.1140 1.0000
0.1160 1.0000
0.1180 1.0000
0.1200 1.0000
0.1220 1.0000
0.1240 1.0000
0.1260 1.0000
0.1280 1.0000
0.1300 1.0000
0.1320 1.0000
0.1340 1.0000
0.1360 1.0000
0.1380 1.0000
0.1400 1.0000
0.1420 1.0000
0.1440 1.0000
0.1460 1.0000
0.1480 1.0000
0.1500 1.0000
0.1520 1.0000
0.1540 1.0000
0.1560 1.0000
0.1580 1.0000
0.1600 1.0000
0.1620 1.0000
0.1640 1.0000
0.1660 1.0000
0.1680 1.0000
0.1700 1.0000
0.1720 1.0000
0.1740 1.0000
0.1760 1.0000
0.1780 1.0000
0.1800 0.9999
0.1820 0.9999
0.1840 0.9999
0.1860 0.9999
0.1880 0.9999
0.1900 0.9999
0.1920 0.9999
0.1940 0.9999
0.1960 0.9999
0.1980 0.9999
0.2000 0.9999
0.2020 0.9999
0.2040 0.9999
0.2060 0.9999
0.2080 0.9998
0.2100 0.9998
0.2120 0.9998
0.2140 0.9998
0.2160 0.9998
0.2180 0.9998
0.2200 0.9998
0.2220 0.9998
0.2240 0.9997
0.2260 0.9997
0.2280 0.9997
0.2300 0.9997
0.2320 0.9997
0.2340 0.9996
0.2360 0.9996
0.2380 0.9996
0.2400 0.9995
0.2420 0.9995
0.2440 0.9995
0.2460 0.9995
0.2480 0.9994
0.2500 0.9994
0.2520 0.9993
0.2540 0.9993
0.2560 0.9993
0.2580 0.9992
0.2600 0.9992
0.2620 0.9991
0.2640 0.9990
0.2660 0.9990
0.2680 0.9989
0.2700 0.9989
0.2720 0.9988
0.2740 0.9987
0.2760 0.9986
0.2780 0.9986
0.2800 0.9985
0.2820 0.9984
0.2840 0.9983
0.2860 0.9982
0.2880 0.9981
0.2900 0.9980
0.2920 0.9978
0.2940 0.9977
0.2960 0.9976
0.2980 0.9975
0.3000 0.9973
0.3020 0.9972
0.3040 0.9970
0.3060 0.9968
0.3080 0.9967
0.3100 0.9965
0.3120 0.9963
0.3140 0.9961
0.3160 0.9959
0.3180 0.9956
0.3200 0.9954
0.3220 0.9951
0.3240 0.9949
0.3260 0.9946
0.3280 0.9943
0.3300 0.9940
0.3320 0.9937
0.3340 0.9933
0.3360 0.9930
0.3380 0.9926
0.3400 0.9922
0.3420 0.9918
0.3440 0.9914
0.3460 0.9909
0.3480 0.9904
0.3500 0.9899
0.3520 0.9894
0.3540 0.9888
0.3560 0.9882
0.3580 0.9876
0.3600 0.9869
0.3620 0.9862
0.3640 0.9855
0.3660 0.9847
0.3680 0.9838
0.3700 0.9829
0.3720 0.9820
0.3740 0.9810
0.3760 0.9799
0.3780 0.9787
0.3800 0.9775
0.3820 0.9761
0.3840 0.9747
0.3860 0.9731
0.3880 0.9714
0.3900 0.9696
0.3920 0.9675
0.3940 0.9653
0.3960 0.9628
0.3980 0.9601
0.4000 0.9569
0.4020 0.9534
0.4040 0.9493
0.4060 0.9444
0.4080 0.9386
0.4100 0.9314
0.4120 0.9221
0.4140 0.9093
0.4160 0.8903
0.4180 0.8574
0.4200 0.7896
0.4220 0.6717
0.4240 0.5522
0.4260 0.4519
0.4280 0.3697
0.4300 0.3024
0.4320 0.2473
0.4340 0.2023
0.4360 0.1655
0.4380 0.1353
0.4400 0.1107
0.4420 0.0905
0.4440 0.0740
0.4460 0.0606
0.4480 0.0495
0.4500 0.0405
0.4520 0.0331
0.4540 0.0271
0.4560 0.0222
0.4580 0.0181
0.4600 0.0148
0.4620 0.0121
0.4640 0.0099
0.4660 0.0081
0.4680 0.0066
0.4700 0.0054
0.4720 0.0044
0.4740 0.0036
0.4760 0.0030
0.4780 0.0024
0.4800 0.0020
0.4820 0.0016
0.4840 0.0013
0.4860 0.0011
0.4880 0.0009
0.4900 0.0007
0.4920 0.0006
0.4940 0.0005
0.4960 0.0004
0.4980 0.0003
0.5000 0.0003
0.5020 0.0002
0.5040 0.0002
0.5060 0.0001
0.5080 0.0001
0.5100 0.0001
0.5120 0.0001
0.5140 0.0001
0.5160 0.0001
0.5180 0.0000
0.5200 0.0000
0.5220 0.0000
0.5240 0.0000
0.5260 0.0000
0.5280 0.0000
0.5300 0.0000
0.5320 0.0000
0.5340 0.0000
0.5360 0.0000
0.5380 0.0000
0.5400 0.0000
0.5420 0.0000
0.5440 0.0000
0.5460 0.0000
0.5480 0.0000
0.5500 0.0000
0.5520 0.0000
0.5540 0.0000
0.5560 0.0000
0.5580 0.0000
0.5600 0.0000
0.5620 0.0000
0.5640 0.0000
0.5660 0.0000
0.5680 0.0000
0.5700 0.0000
0.5720 0.0000
0.5740 0.0000
0.5760 0.0000
0.5780 0.0000
0.5800 0.0000
0.5820 0.0000
0.5840 0.0000
0.5860 0.0000
0.5880 0.0000
0.5900 0.0000
0.5920 0.0000
0.5940 0.0000
0.5960 0.0000
0.5980 0.0000
0.6000 0.0000
0.6020 0.0000
0.6040 0.0000
0.6060 0.0000
0.6080 0.0000
0.6100 0.0000
0.6120 0.0000
0.6140 0.0000
0.6160 0.0000
0.6180 0.0000
0.6200 0.0000
0.6220 0.0000
0.6240 0.0000
0.6260 0.0001
0.6280 0.0001
0.6300 0.0001
0.6320 0.0001
0.6340 0.0001
0.6360 0.0001
0.6380 0.0001
0.6400 0.0001
0.6420 0.0001
0.6440 0.0001
0.6460 0.0001
0.6480 0.0001
0.6500 0.0001
0.6520 0.0001
0.6540 0.0001
0.6560 0.0001
0.6580 0.0001
0.6600 0.0001
0.6620 0.0001
0.6640 0.0001
0.6660 0.0001
0.6680 0.0001
0.6700 0.0001
0.6720 0.0002
0.6740 0.0002
0.6760 0.0002
0.6780 0.0002
0.6800 0.0002
0.6820 0.0002
0.6840 0.0002
0.6860 0.0002
0.6880 0.0002
0.6900 0.0002
0.6920 0.0002
0.6940 0.0003
0.6960 0.0003
0.6980 0.0003
0.7000 0.0003
0.7020 0.0003
0.7040 0.0003
0.7060 0.0003
0.7080 0.0003
0.7100 0.0004
0.7120 0.0004
0.7140 0.0004
0.7160 0.0004
0.7180 0.0004
0.7200 0.0004
0.7220 0.0004
0.7240 0.0005
0.7260 0.0005
0.7280 0.0005
0.7300 0.0005
0.7320 0.0005
0.7340 0.0006
0.7360 0.0006
0.7380 0.0006
0.7400 0.0006
0.7420 0.0006
0.7440 0.0007
0.7460 0.0007
0.7480 0.0007
0.7500 0.0007
0.7520 0.0008
0.7540 0.0008
0.7560 0.0008
0.7580 0.0009
0.7600 0.0009
0.7620 0.0009
0.7640 0.0009
0.7660 0.0010
0.7680 0.0010
0.7700 0.0010
0.7720 0.0011
0.7740 0.0011
0.7760 0.0011
0.7780 0.0012
0.7800 0.0012
0.7820 0.0013
0.7840 0.0013
0.7860 0.0013
0.7880 0.0014
0.7900 0.0014
0.7920 0.0015
0.7940 0.0015
0.7960 0.0016
0.7980 0.0016
0.8000 0.0017
0.8020 0.0017
0.8040 0.0018
0.8060 0.0018
0.8080 0.0019
0.8100 0.0019
0.8120 0.0020
0.8140 0.0021
0.8160 0.0021
0.8180 0.0022
0.8200 0.0022
0.8220 0.0023
0.8240 0.0024
0.8260 0.0024
0.8280 0.0025
0.8300 0.0026
0.8320 0.0026
0.8340 0.0027
0.8360 0.0028
0.8380 0.0029
0.8400 0.0029
0.8420 0.0030
0.8440 0.0031
0.8460 0.0032
0.8480 0.0033
0.8500 0.0034
0.8520 0.0034
0.8540 0.0035
0.8560 0.0036
0.8580 0.0037
0.8600 0.0038
0.8620 0.0039
0.8640 0.0040
0.8660 0.0041
0.8680 0.0042
0.8700 0.0043
0.8720 0.0044
0.8740 0.0046
0.8760 0.0047
0.8780 0.0048
0.8800 0.0049
0.8820 0.0050
0.8840 0.0051
0.8860 0.0053
0.8880 0.0054
0.8900 0.0055
0.8920 0.0056
0.8940 0.0058
0.8960 0.0059
0.8980 0.0061
0.9000 0.0062
0.9020 0.0063
0.9040 0.0065
0.9060 0.0066
0.9080 0.0068
0.9100 0.0069
0.9120 0.0071
0.9140 0.0073
0.9160 0.0074
0.9180 0.0076
0.9200 0.0078
0.9220 0.0079
0.9240 0.0081
0.9260 0.0083
0.9280 0.0085
0.9300 0.0086
0.9320 0.0088
0.9340 0.0090
0.9360 0.0092
0.9380 0.0094
0.9400 0.0096
0.9420 0.0098
0.9440 0.0100
0.9460 0.0102
0.9480 0.0105
0.9500 0.0107
0.9520 0.0109
0.9540 0.0111
0.9560 0.0114
0.9580 0.0116
0.9600 0.0118
0.9620 0.0121
0.9640 0.0123
0.9660 0.0126
0.9680 0.0128
0.9700 0.0131
0.9720 0.0133
0.9740 0.0136
0.9760 0.0139
0.9780 0.0142
0.9800 0.0145
0.9820 0.0147
0.9840 0.0150
0.9860 0.0153
0.9880 0.0156
0.9900 0.0159
0.9920 0.0163
0.9940 0.0166
0.9960 0.0169
0.9980 0.0172
1.0000 0.0176
1.0020 0.0179
1.0040 0.0183
1.0060 0.0186
1.0080 0.0190
1.0100 0.0194
1.0120 0.0197
1.0140 0.0201
1.0160 0.0205
1.0180 0.0209
1.0200 0.0213
1.0220 0.0217
1.0240 0.0222
1.0260 0.0226
1.0280 0.0230
1.0300 0.0235
1.0320 0.0240
1.0340 0.0244
1.0360 0.0249
1.0380 0.0254
1.0400 0.0259
1.0420 0.0264
1.0440 0.0269
1.0460 0.0275
1.0480 0.0280
1.0500 0.0286
1.0520 0.0291
1.0540 0.0297
1.0560 0.0303
1.0580 0.0310
1.0600 0.0316
1.0620 0.0322
1.0640 0.0329
1.0660 0.0336
1.0680 0.0343
1.0700 0.0350
1.0720 0.0358
1.0740 0.0366
1.0760 0.0374
1.0780 0.0382
1.0800 0.0390
1.0820 0.0399
1.0840 0.0409
1.0860 0.0418
1.0880 0.0428
1.0900 0.0438
1.0920 0.0449
1.0940 0.0461
1.0960 0.0473
1.0980 0.0485
1.1000 0.0498
1.1020 0.0512
1.1040 0.0527
1.1060 0.0543
1.1080 0.0560
1.1100 0.0578
1.1120 0.0597
1.1140 0.0619
1.1160 0.0642
1.1180 0.0668
1.1200 0.0697
1.1220 0.0730
1.1240 0.0768
1.1260 0.0812
1.1280 0.0865
1.1300 0.0930
1.1320 0.1014
1.1340 0.1128
1.1360 0.1295
1.1380 0.1573
1.1400 0.2124
1.1420 0.3168
1.1440 0.4358
1.1460 0.5379
1.1480 0.6220
1.1500 0.6908
1.1520 0.7471
1.1540 0.7931
1.1560 0.8308
1.1580 0.8616
1.1600 0.8868
1.1620 0.9074
1.1640 0.9243
1.1660 0.9381
1.1680 0.9493
1.1700 0.9586
1.1720 0.9661
1.1740 0.9723
1.1760 0.9773
1.1780 0.9815
1.1800 0.9848
1.1820 0.9876
1.1840 0.9899
1.1860 0.9917
1.1880 0.9932
1.1900 0.9944
1.1920 0.9955
1.1940 0.9963
1.1960 0.9970
1.1980 0.9975
1.2000 0.9980
1.2020 0.9983
1.2040 0.9986
1.2060 0.9989
1.2080 0.9991
1.2100 0.9993
1.2120 0.9994
1.2140 0.9995
1.2160 0.9996
1.2180 0.9997
1.2200 0.9997
1.2220 0.9998
1.2240 0.9998
1.2260 0.9998
1.2280 0.9999
1.2300 0.9999
1.2320 0.9999
1.2340 0.9999
1.2360 0.9999
1.2380 0.9999
1.2400 1.0000
1.2420 1.0000
1.2440 1.0000
1.2460 1.0000
1.2480 1.0000
1.2500 1.0000
1.2520 1.0000
1.2540 1.0000
1.2560 1.0000
1.2580 1.0000
1.2600 1.0000
1.2620 1.0000
1.2640 1.0000
1.2660 1.0000
1.2680 1.0000
1.2700 1.0000
1.2720 1.0000
1.2740 1.0000
1.2760 1.0000
1.2780 1.0000
1.2800 1.0000
1.2820 1.0000
1.2840 1.0000
1.2860 0.9999
1.2880 0.9999
1.2900 0.9999
1.2920 0.9999
1.2940 0.9999
1.2960 0.9999
1.2980 0.9999
1.3000 0.9999
1.3020 0.9999
1.3040 0.9999
1.3060 0.9999
1.3080 0.9999
1.3100 0.9999
1.3120 0.9999
1.3140 0.9999
1.3160 0.9998
1.3180 0.9998
1.3200 0.9998
1.3220 0.9998
1.3240 0.9998
1.3260 0.9998
1.3280 0.9998
1.3300 0.9997
1.3320 0.9997
1.3340 0.9997
1.3360 0.9997
1.3380 0.9997
1.3400 0.9996
1.3420 0.9996
1.3440 0.9996
1.3460 0.9996
1.3480 0.9995
1.3500 0.9995
1.3520 0.9995
1.3540 0.9994
1.3560 0.9994
1.3580 0.9994
1.3600 0.9993
1.3620 0.9993
1.3640 0.9992
1.3660 0.9992
1.3680 0.9991
1.3700 0.9991
1.3720 0.9990
1.3740 0.9989
1.3760 0.9989
1.3780 0.9988
1.3800 0.9987
1.3820 0.9987
1.3840 0.9986
1.3860 0.9985
1.3880 0.9984
1.3900 0.9983
1.3920 0.9982
1.3940 0.9981
1.3960 0.9980
1.3980 0.9979
1.4000 0.9978
1.4020 0.9976
1.4040 0.9975
1.4060 0.9974
1.4080 0.9972
1.4100 0.9971
1.4120 0.9969
1.4140 0.9967
1.4160 0.9965
1.4180 0.9963
1.4200 0.9961
1.4220 0.9959
1.4240 0.9957
1.4260 0.9955
1.4280 0.9952
1.4300 0.9950
1.4320 0.9947
1.4340 0.9944
1.4360 0.9941
1.4380 0.9938
1.4400 0.9935
1.4420 0.9931
1.4440 0.9928
1.4460 0.9924
1.4480 0.9920
1.4500 0.9915
1.4520 0.9911
1.4540 0.9906
1.4560 0.9901
1.4580 0.9896
1.4600 0.9890
1.4620 0.9885
1.4640 0.9878
1.4660 0.9872
1.4680 0.9865
1.4700 0.9858
1.4720 0.9850
1.4740 0.9841
1.4760 0.9833
1.4780 0.9823
1.4800 0.9813
1.4820 0.9803
1.4840 0.9792
1.4860 0.9779
1.4880 0.9766
1.4900 0.9752
1.4920 0.9737
1.4940 0.9721
1.4960 0.9703
1.4980 0.9683
1.5000 0.9661
1.5020 0.9638
1.5040 0.9611
1.5060 0.9581
1.5080 0.9547
1.5100 0.9508
1.5120 0.9463
1.5140 0.9408
1.5160 0.9342
1.5180 0.9257
1.5200 0.9145
1.5220 0.8982
1.5240 0.8717
1.5260 0.8202
1.5280 0.7173
1.5300 0.5932
1.5320 0.4858
1.5340 0.3975
1.5360 0.3251
1.5380 0.2659
1.5400 0.2175
1.5420 0.1779
1.5440 0.1455
1.5460 0.1190
1.5480 0.0973
1.5500 0.0796
1.5520 0.0651
1.5540 0.0533
1.5560 0.0436
1.5580 0.0356
1.5600 0.0291
1.5620 0.0238
1.5640 0.0195
1.5660 0.0159
1.5680 0.0130
1.5700 0.0107
1.5720 0.0087
1.5740 0.0071
1.5760 0.0058
1.5780 0.0048
1.5800 0.0039
1.5820 0.0032
1.5840 0.0026
1.5860 0.0021
1.5880 0.0017
1.5900 0.0014
1.5920 0.0012
1.5940 0.0010
1.5960 0.0008
1.5980 0.0006
1.6000 0.0005
1.6020 0.0004
1.6040 0.0004
1.6060 0.0003
1.6080 0.0002
1.6100 0.0002
1.6120 0.0002
1.6140 0.0001
1.6160 0.0001
1.6180 0.0001
1.6200 0.0001
1.6220 0.0001
1.6240 0.0000
1.6260 0.0000
1.6280 0.0000
1.6300 0.0000
1.6320 0.0000
1.6340 0.0000
1.6360 0.0000
1.6380 0.0000
1.6400 0.0000
1.6420 0.0000
1.6440 0.0000
1.6460 0.0000
1.6480 0.0000
1.6500 0.0000
1.6520 0.0000
1.6540 0.0000
1.6560 0.0000
1.6580 0.0000
1.6600 0.0000
1.6620 0.0000
1.6640 0.0000
1.6660 0.0000
1.6680 0.0000
1.6700 0.0000
1.6720 0.0000
1.6740 0.0000
1.6760 0.0000
1.6780 0.0000
1.6800 0.0000
1.6820 0.0000
1.6840 0.0000
1.6860 0.0000
1.6880 0.0000
1.6900 0.0000
1.6920 0.0000
1.6940 0.0000
1.6960 0.0000
1.6980 0.0000
1.7000 0.0000
1.7020 0.0000
1.7040 0.0000
1.7060 0.0000
1.7080 0.0000
1.7100 0.0000
1.7120 0.0000
1.7140 0.0000
1.7160 0.0000
1.7180 0.0000
1.7200 0.0000
1.7220 0.0000
1.7240 0.0000
1.7260 0.0000
1.7280 0.0000
1.7300 0.0000
1.7320 0.0001
1.7340 0.0001
1.7360 0.0001
1.7380 0.0001
1.7400 0.0001
1.7420 0.0001
1.7440 0.0001
1.7460 0.0001
1.7480 0.0001
1.7500 0.0001
1.7520 0.0001
1.7540 0.0001
1.7560 0.0001
1.7580 0.0001
1.7600 0.0001
1.7620 0.0001
1.7640 0.0001
1.7660 0.0001
1.7680 0.0001
1.7700 0.0001
1.7720 0.0001
1.7740 0.0001
1.7760 0.0001
1.7780 0.0002
1.7800 0.0002
1.7820 0.0002
1.7840 0.0002
1.7860 0.0002
1.7880 0.0002
1.7900 0.0002
1.7920 0.0002
1.7940 0.0002
1.7960 0.0002
1.7980 0.0002
1.8000 0.0002
1.8020 0.0003
1.8040 0.0003
1.8060 0.0003
1.8080 0.0003
1.8100 0.0003
1.8120 0.0003
1.8140 0.0003
1.8160 0.0003
1.8180 0.0004
1.8200 0.0004
1.8220 0.0004
1.8240 0.0004
1.8260 0.0004
1.8280 0.0004
1.8300 0.0005
1.8320 0.0005
1.8340 0.0005
1.8360 0.0005
1.8380 0.0005
1.8400 0.0005
1.8420 0.0006
1.8440 0.0006
1.8460 0.0006
1.8480 0.0006
1.8500 0.0007
1.8520 0.0007
1.8540 0.0007
1.8560 0.0007
1.8580 0.0008
1.8600 0.0008
1.8620 0.0008
1.8640 0.0008
1.8660 0.0009
1.8680 0.0009
1.8700 0.0009
1.8720 0.0010
1.8740 0.0010
1.8760 0.0010
1.8780 0.0011
1.8800 0.0011
1.8820 0.0011
1.8840 0.0012
1.8860 0.0012
1.8880 0.0012
1.8900 0.0013
1.8920 0.0013
1.8940 0.0014
1.8960 0.0014
1.8980 0.0015
1.9000 0.0015
1.9020 0.0016
1.9040 0.0016
1.9060 0.0017
1.9080 0.0017
1.9100 0.0018
1.9120 0.0018
1.9140 0.0019
1.9160 0.0019
1.9180 0.0020
1.9200 0.0020
1.9220 0.0021
1.9240 0.0021
1.9260 0.0022
1.9280 0.0023
1.9300 0.0023
1.9320 0.0024
1.9340 0.0025
1.9360 0.0025
1.9380 0.0026
1.9400 0.0027
1.9420 0.0028
1.9440 0.0028
1.9460 0.0029
1.9480 0.0030
1.9500 0.0031
1.9520 0.0032
1.9540 0.0032
1.9560 0.0033
1.9580 0.0034
1.9600 0.0035
1.9620 0.0036
1.9640 0.0037
1.9660 0.0038
1.9680 0.0039
1.9700 0.0040
1.9720 0.0041
1.9740 0.0042
1.9760 0.0043
1.9780 0.0044
1.9800 0.0045
1.9820 0.0046
1.9840 0.0047
1.9860 0.0049
1.9880 0.0050
1.9900 0.0051
1.9920 0.0052
1.9940 0.0053
1.9960 0.0055
1.9980 0.0056
2.0000 0.0057
2.0020 0.0059
2.0040 0.0060
2.0060 0.0061
2.0080 0.0063
2.0100 0.0064
2.0120 0.0066
2.0140 0.0067
2.0160 0.0069
2.0180 0.0070
2.0200 0.0072
2.0220 0.0074
2.0240 0.0075
2.0260 0.0077
2.0280 0.0079
2.0300 0.0080
2.0320 0.0082
2.0340 0.0084
2.0360 0.0086
2.0380 0.0088
2.0400 0.0090
2.0420 0.0091
2.0440 0.0093
2.0460 0.0095
2.0480 0.0097
2.0500 0.0099
2.0520 0.0102
2.0540 0.0104
2.0560 0.0106
2.0580 0.0108
2.0600 0.0110
2.0620 0.0113
2.0640 0.0115
2.0660 0.0117
2.0680 0.0120
2.0700 0.0122
2.0720 0.0125
2.0740 0.0127
2.0760 0.0130
2.0780 0.0132
2.0800 0.0135
2.0820 0.0138
2.0840 0.0141
2.0860 0.0143
2.0880 0.0146
2.0900 0.0149
2.0920 0.0152
2.0940 0.0155
2.0960 0.0158
2.0980 0.0161
2.1000 0.0165
2.1020 0.0168
2.1040 0.0171
2.1060 0.0175
2.1080 0.0178
2.1100 0.0181
2.1120 0.0185
2.1140 0.0189
2.1160 0.0192
2.1180 0.0196
2.1200 0.0200
2.1220 0.0204
2.1240 0.0208
2.1260 0.0212
2.1280 0.0216
2.1300 0.0220
2.1320 0.0224
2.1340 0.0229
2.1360 0.0233
2.1380 0.0238
2.1400 0.0243
2.1420 0.0247
2.1440 0.0252
2.1460 0.0257
2.1480 0.0262
2.1500 0.0267
2.1520 0.0273
2.1540 0.0278
2.1560 0.0284
2.1580 0.0289
2.1600 0.0295
2.1620 0.0301
2.1640 0.0307
2.1660 0.0314
2.1680 0.0320
2.1700 0.0327
2.1720 0.0333
2.1740 0.0340
2.1760 0.0348
2.1780 0.0355
2.1800 0.0363
2.1820 0.0371
2.1840 0.0379
2.1860 0.0387
2.1880 0.0396
2.1900 0.0405
2.1920 0.0415
2.1940 0.0424
2.1960 0.0435
2.1980 0.0445
2.2000 0.0456
2.2020 0.0468
2.2040 0.0480
2.2060 0.0493
2.2080 0.0507
2.2100 0.0522
2.2120 0.0537
2.2140 0.0553
2.2160 0.0571
2.2180 0.0590
2.2200 0.0611
2.2220 0.0634
2.2240 0.0659
2.2260 0.0687
2.2280 0.0718
2.2300 0.0754
2.2320 0.0795
2.2340 0.0845
2.2360 0.0905
2.2380 0.0981
2.2400 0.1082
2.2420 0.1226
2.2440 0.1453
2.2460 0.1876
2.2480 0.2743
2.2500 0.3943
2.2520 0.5033
2.2540 0.5936
2.2560 0.6676
2.2580 0.7281
2.2600 0.7776
2.2620 0.8181
2.2640 0.8512
2.2660 0.8783
2.2680 0.9005
2.2700 0.9186
2.2720 0.9334
2.2740 0.9455
2.2760 0.9555
2.2780 0.9636
2.2800 0.9702
2.2820 0.9756
2.2840 0.9801
2.2860 0.9837
2.2880 0.9867
2.2900 0.9891
2.2920 0.9911
2.2940 0.9927
2.2960 0.9940
2.2980 0.9951
2.3000 0.9960
2.3020 0.9967
2.3040 0.9973
2.3060 0.9978
2.3080 0.9982
2.3100 0.9985
2.3120 0.9988
2.3140 0.9990
2.3160 0.9992
2.3180 0.9993
2.3200 0.9995
2.3220 0.9996
2.3240 0.9996
2.3260 0.9997
2.3280 0.9998
2.3300 0.9998
2.3320 0.9998
2.3340 0.9999
2.3360 0.9999
2.3380 0.9999
2.3400 0.9999
2.3420 0.9999
2.3440 0.9999
2.3460 1.0000
2.3480 1.0000
2.3500 1.0000
2.3520 1.0000
2.3540 1.0000
2.3560 1.0000
2.3580 1.0000
2.3600 1.0000
2.3620 1.0000
2.3640 1.0000
2.3660 1.0000
2.3680 1.0000
2.3700 1.0000
2.3720 1.0000
2.3740 1.0000
2.3760 1.0000
2.3780 1.0000
2.3800 1.0000
2.3820 1.0000
2.3840 1.0000
2.3860 1.0000
2.3880 1.0000
2.3900 1.0000
2.3920 0.9999
2.3940 0.9999
2.3960 0.9999
2.3980 0.9999
2.4000 0.9999
2.4020 0.9999
2.4040 0.9999
2.4060 0.9999
2.4080 0.9999
2.4100 0.9999
2.4120 0.9999
2.4140 0.9999
2.4160 0.9999
2.4180 0.9999
2.4200 0.9999
2.4220 0.9998
2.4240 0.9998
2.4260 0.9998
2.4280 0.9998
2.4300 0.9998
2.4320 0.9998
2.4340 0.9998
2.4360 0.9997
2.4380 0.9997
2.4400 0.9997
2.4420 0.9997
2.4440 0.9997
2.4460 0.9996
2.4480 0.9996
2.4500 0.9996
2.4520 0.9996
2.4540 0.9995
2.4560 0.9995
2.4580 0.9995
2.4600 0.9994
2.4620 0.9994
2.4640 0.9994
2.4660 0.9993
2.4680 0.9993
2.4700 0.9992
2.4720 0.9992
2.4740 0.9991
2.4760 0.9991
2.4780 0.9990
2.4800 0.9990
2.4820 0.9989
2.4840 0.9988
2.4860 0.9988
2.4880 0.9987
2.4900 0.9986
2.4920 0.9985
2.4940 0.9984
2.4960 0.9983
2.4980 0.9983
2.5000 0.9981
2.5020 0.9980
2.5040 0.9979
2.5060 0.9978
2.5080 0.9977
2.5100 0.9976
2.5120 0.9974
2.5140 0.9973
2.5160 0.9971
2.5180 0.9969
2.5200 0.9968
2.5220 0.9966
2.5240 0.9964
2.5260 0.9962
2.5280 0.9960
2.5300 0.9958
2.5320 0.9956
2.5340 0.9953
2.5360 0.9951
2.5380 0.9948
2.5400 0.9945
2.5420 0.9942
2.5440 0.9939
2.5460 0.9936
2.5480 0.9933
2.5500 0.9929
2.5520 0.9925
2.5540 0.9921
2.5560 0.9917
2.5580 0.9913
2.5600 0.9908
2.5620 0.9903
2.5640 0.9898
2.5660 0.9892
2.5680 0.9887
2.5700 0.9881
2.5720 0.9874
2.5740 0.9867
2.5760 0.9860
2.5780 0.9853
2.5800 0.9845
2.5820 0.9836
2.5840 0.9827
2.5860 0.9817
2.5880 0.9807
2.5900 0.9796
2.5920 0.9784
2.5940 0.9771
2.5960 0.9757
2.5980 0.9743
2.6000 0.9727
2.6020 0.9709
2.6040 0.9690
2.6060 0.9669
2.6080 0.9646
2.6100 0.9621
2.6120 0.9592
2.6140 0.9560
2.6160 0.9523
2.6180 0.9480
2.6200 0.9429
2.6220 0.9368
2.6240 0.9290
2.6260 0.9190
2.6280 0.9049
2.6300 0.8830
2.6320 0.8434
2.6340 0.7604
2.6360 0.6367
2.6380 0.5222
2.6400 0.4273
2.6420 0.3495
2.6440 0.2859
2.6460 0.2338
2.6480 0.1913
2.6500 0.1564
2.6520 0.1279
2.6540 0.1046
2.6560 0.0856
2.6580 0.0700
2.6600 0.0573
2.6620 0.0468
2.6640 0.0383
2.6660 0.0313
2.6680 0.0256
2.6700 0.0210
2.6720 0.0171
2.6740 0.0140
2.6760 0.0115
2.6780 0.0094
2.6800 0.0077
2.6820 0.0063
2.6840 0.0051
2.6860 0.0042
2.6880 0.0034
2.6900 0.0028
2.6920 0.0023
2.6940 0.0019
2.6960 0.0015
2.6980 0.0013
2.7000 0.0010
2.7020 0.0008
2.7040 0.0007
2.7060 0.0006
2.7080 0.0005
2.7100 0.0004
2.7120 0.0003
2.7140 0.0003
2.7160 0.0002
2.7180 0.0002
2.7200 0.0001
2.7220 0.0001
2.7240 0.0001
2.7260 0.0001
2.7280 0.0001
2.7300 0.0001
2.7320 0.0000
2.7340 0.0000
2.7360 0.0000
2.7380 0.0000
2.7400 0.0000
2.7420 0.0000
2.7440 0.0000
2.7460 0.0000
2.7480 0.0000
2.7500 0.0000
2.7520 0.0000
2.7540 0.0000
2.7560 0.0000
2.7580 0.0000
2.7600 0.0000
2.7620 0.0000
2.7640 0.0000
2.7660 0.0000
2.7680 0.0000
2.7700 0.0000
2.7720 0.0000
2.7740 0.0000
2.7760 0.0000
2.7780 0.0000
2.7800 0.0000
2.7820 0.0000
2.7840 0.0000
2.7860 0.0000
2.7880 0.0000
2.7900 0.0000
2.7920 0.0000
2.7940 0.0000
2.7960 0.0000
2.7980 0.0000
2.8000 0.0000
2.8020 0.0000
2.8040 0.0000
2.8060 0.0000
2.8080 0.0000
2.8100 0.0000
2.8120 0.0000
2.8140 0.0000
2.8160 0.0000
2.8180 0.0000
2.8200 0.0000
2.8220 0.0000
2.8240 0.0000
2.8260 0.0000
2.8280 0.0000
2.8300 0.0000
2.8320 0.0000
2.8340 0.0000
2.8360 0.0000
2.8380 0.0000
2.8400 0.0001
2.8420 0.0001
2.8440 0.0001
2.8460 0.0001
2.8480 0.0001
2.8500 0.0001
2.8520 0.0001
2.8540 0.0001
2.8560 0.0001
2.8580 0.0001
2.8600 0.0001
2.8620 0.0001
2.8640 0.0001
2.8660 0.0001
2.8680 0.0001
2.8700 0.0001
2.8720 0.0001
2.8740 0.0001
2.8760 0.0001
2.8780 0.0001
2.8800 0.0001
2.8820 0.0001
2.8840 0.0002
2.8860 0.0002
2.8880 0.0002
2.8900 0.0002
2.8920 0.0002
2.8940 0.0002
2.8960 0.0002
2.8980 0.0002
2.9000 0.0002
2.9020 0.0002
2.9040 0.0002
2.9060 0.0002
2.9080 0.0003
2.9100 0.0003
2.9120 0.0003
2.9140 0.0003
2.9160 0.0003
2.9180 0.0003
2.9200 0.0003
2.9220 0.0003
2.9240 0.0004
2.9260 0.0004
2.9280 0.0004
2.9300 0.0004
2.9320 0.0004
2.9340 0.0004
2.9360 0.0004
2.9380 0.0005
2.9400 0.0005
2.9420 0.0005
2.9440 0.0005
2.9460 0.0005
2.9480 0.0006
2.9500 0.0006
2.9520 0.0006
2.9540 0.0006
2.9560 0.0006
2.9580 0.0007
2.9600 0.0007
2.9620 0.0007
2.9640 0.0007
2.9660 0.0008
2.9680 0.0008
2.9700 0.0008
2.9720 0.0009
2.9740 0.0009
2.9760 0.0009
2.9780 0.0010
2.9800 0.0010
2.9820 0.0010
2.9840 0.0010
2.9860 0.0011
2.9880 0.0011
2.9900 0.0012
2.9920 0.0012
2.9940 0.0012
2.9960 0.0013
2.9980 0.0013
3.0000 0.0014
3.0020 0.0014
3.0040 0.0014
3.0060 0.0015
3.0080 0.0015
3.0100 0.0016
3.0120 0.0016
3.0140 0.0017
3.0160 0.0017
3.0180 0.0018
3.0200 0.0018
3.0220 0.0019
3.0240 0.0020
3.0260 0.0020
3.0280 0.0021
3.0300 0.0021
3.0320 0.0022
3.0340 0.0023
3.0360 0.0023
3.0380 0.0024
3.0400 0.0025
3.0420 0.0025
3.0440 0.0026
3.0460 0.0027
3.0480 0.0027
3.0500 0.0028
3.0520 0.0029
3.0540 0.0030
3.0560 0.0030
3.0580 0.0031
3.0600 0.0032
3.0620 0.0033
3.0640 0.0034
3.0660 0.0035
3.0680 0.0036
3.0700 0.0037
3.0720 0.0038
3.0740 0.0038
3.0760 0.0039
3.0780 0.0040
3.0800 0.0042
3.0820 0.0043
3.0840 0.0044
3.0860 0.0045
3.0880 0.0046
3.0900 0.0047
3.0920 0.0048
3.0940 0.0049
3.0960 0.0050
3.0980 0.0052
3.1000 0.0053
3.1020 0.0054
3.1040 0.0055
3.1060 0.0057
3.1080 0.0058
3.1100 0.0060
3.1120 0.0061
3.1140 0.0062
3.1160 0.0064
3.1180 0.0065
3.1200 0.0067
3.1220 0.0068
3.1240 0.0070
3.1260 0.0071
3.1280 0.0073
3.1300 0.0075
3.1320 0.0076
3.1340 0.0078
3.1360 0.0080
3.1380 0.0081
3.1400 0.0083
3.1420 0.0085
3.1440 0.0087
3.1460 0.0089
3.1480 0.0091
3.1500 0.0093
3.1520 0.0095
3.1540 0.0097
3.1560 0.0099
3.1580 0.0101
3.1600 0.0103
3.1620 0.0105
3.1640 0.0107
3.1660 0.0110
3.1680 0.0112
3.1700 0.0114
3.1720 0.0117
3.1740 0.0119
3.1760 0.0121
3.1780 0.0124
3.1800 0.0126
3.1820 0.0129
3.1840 0.0132
3.1860 0.0134
3.1880 0.0137
3.1900 0.0140
3.1920 0.0142
3.1940 0.0145
3.1960 0.0148
3.1980 0.0151
3.2000 0.0154
3.2020 0.0157
3.2040 0.0160
3.2060 0.0164
3.2080 0.0167
3.2100 0.0170
3.2120 0.0173
3.2140 0.0177
3.2160 0.0180
3.2180 0.0184
3.2200 0.0187
3.2220 0.0191
3.2240 0.0195
3.2260 0.0199
3.2280 0.0202
3.2300 0.0206
3.2320 0.0210
3.2340 0.0214
3.2360 0.0219
3.2380 0.0223
3.2400 0.0227
3.2420 0.0232
3.2440 0.0236
3.2460 0.0241
3.2480 0.0246
3.2500 0.0250
3.2520 0.0255
3.2540 0.0260
3.2560 0.0266
3.2580 0.0271
3.2600 0.0276
3.2620 0.0282
3.2640 0.0287
3.2660 0.0293
3.2680 0.0299
3.2700 0.0305
3.2720 0.0311
3.2740 0.0318
3.2760 0.0324
3.2780 0.0331
3.2800 0.0338
3.2820 0.0345
3.2840 0.0352
3.2860 0.0360
3.2880 0.0368
3.2900 0.0376
3.2920 0.0384
3.2940 0.0393
3.2960 0.0402
3.2980 0.0411
3.3000 0.0421
3.3020 0.0431
3.3040 0.0441
3.3060 0.0452
3.3080 0.0464
3.3100 0.0476
3.3120 0.0489
3.3140 0.0502
3.3160 0.0516
3.3180 0.0531
3.3200 0.0547
3.3220 0.0565
3.3240 0.0583
3.3260 0.0603
3.3280 0.0625
3.3300 0.0649
3.3320 0.0676
3.3340 0.0706
3.3360 0.0740
3.3380 0.0780
3.3400 0.0826
3.3420 0.0882
3.3440 0.0952
3.3460 0.1042
3.3480 0.1168
3.3500 0.1357
3.3520 0.1688
3.3540 0.2366
3.3560 0.3509
3.3580 0.4662
3.3600 0.5631
3.3620 0.6426
3.3640 0.7076
3.3660 0.7609
3.3680 0.8044
3.3700 0.8400
3.3720 0.8692
3.3740 0.8930
3.3760 0.9125
3.3780 0.9284
3.3800 0.9414
3.3820 0.9521
3.3840 0.9608
3.3860 0.9680
3.3880 0.9738
3.3900 0.9786
3.3920 0.9825
3.3940 0.9857
3.3960 0.9883
3.3980 0.9904
3.4000 0.9922
3.4020 0.9936
3.4040 0.9948
3.4060 0.9957
3.4080 0.9965
3.4100 0.9971
3.4120 0.9977
3.4140 0.9981
3.4160 0.9984
3.4180 0.9987
3.4200 0.9989
3.4220 0.9991
3.4240 0.9993
3.4260 0.9994
3.4280 0.9995
3.4300 0.9996
3.4320 0.9997
3.4340 0.9997
3.4360 0.9998
3.4380 0.9998
3.4400 0.9999
3.4420 0.9999
3.4440 0.9999
3.4460 0.9999
3.4480 0.9999
3.4500 0.9999
3.4520 1.0000
3.4540 1.0000
3.4560 1.0000
3.4580 1.0000
3.4600 1.0000
3.4620 1.0000
3.4640 1.0000
3.4660 1.0000
3.4680 1.0000
3.4700 1.0000
3.4720 1.0000
3.4740 1.0000
3.4760 1.0000
3.4780 1.0000
3.4800 1.0000
3.4820 1.0000
3.4840 1.0000
3.4860 1.0000
3.4880 1.0000
3.4900 1.0000
3.4920 1.0000
3.4940 1.0000
3.4960 1.0000
3.4980 1.0000
3.5000 0.9999
3.5020 0.9999
3.5040 0.9999
3.5060 0.9999
3.5080 0.9999
3.5100 0.9999
3.5120 0.9999
3.5140 0.9999
3.5160 0.9999
3.5180 0.9999
3.5200 0.9999
3.5220 0.9999
3.5240 0.9999
3.5260 0.9999
3.5280 0.9998
3.5300 0.9998
3.5320 0.9998
3.5340 0.9998
3.5360 0.9998
3.5380 0.9998
3.5400 0.9998
3.5420 0.9998
3.5440 0.9997
3.5460 0.9997
3.5480 0.9997
3.5500 0.9997
3.5520 0.9997
3.5540 0.9996
3.5560 0.9996
3.5580 0.9996
3.5600 0.9996
3.5620 0.9995
3.5640 0.9995
3.5660 0.9995
3.5680 0.9994
3.5700 0.9994
3.5720 0.9993
3.5740 0.9993
3.5760 0.9993
3.5780 0.9992
3.5800 0.9992
3.5820 0.9991
3.5840 0.9990
3.5860 0.9990
3.5880 0.9989
3.5900 0.9989
3.5920 0.9988
3.5940 0.9987
3.5960 0.9986
3.5980 0.9986
3.6000 0.9985
3.6020 0.9984
3.6040 0.9983
3.6060 0.9982
3.6080 0.9981
3.6100 0.9980
3.6120 0.9979
3.6140 0.9977
3.6160 0.9976
3.6180 0.9975
3.6200 0.9973
3.6220 0.9972
3.6240 0.9970
3.6260 0.9968
3.6280 0.9967
3.6300 0.9965
3.6320 0.9963
3.6340 0.9961
3.6360 0.9959
3.6380 0.9956
3.6400 0.9954
3.6420 0.9952
3.6440 0.9949
3.6460 0.9946
3.6480 0.9943
3.6500 0.9940
3.6520 0.9937
3.6540 0.9934
3.6560 0.9930
3.6580 0.9927
3.6600 0.9923
3.6620 0.9918
3.6640 0.9914
3.6660 0.9910
3.6680 0.9905
3.6700 0.9900
3.6720 0.9894
3.6740 0.9889
3.6760 0.9883
3.6780 0.9877
3.6800 0.9870
3.6820 0.9863
3.6840 0.9855
3.6860 0.9847
3.6880 0.9839
3.6900 0.9830
3.6920 0.9821
3.6940 0.9811
3.6960 0.9800
3.6980 0.9788
3.7000 0.9776
3.7020 0.9762
3.7040 0.9748
3.7060 0.9733
3.7080 0.9716
3.7100 0.9697
3.7120 0.9677
3.7140 0.9655
3.7160 0.9630
3.7180 0.9603
3.7200 0.9572
3.7220 0.9537
3.7240 0.9496
3.7260 0.9449
3.7280 0.9391
3.7300 0.9320
3.7320 0.9229
3.7340 0.9106
3.7360 0.8922
3.7380 0.8610
3.7400 0.7972
3.7420 0.6821
3.7440 0.5612
3.7460 0.4594
3.7480 0.3758
3.7500 0.3074
3.7520 0.2514
3.7540 0.2056
3.7560 0.1682
3.7580 0.1376
3.7600 0.1125
3.7620 0.0920
3.7640 0.0753
3.7660 0.0616
3.7680 0.0504
3.7700 0.0412
3.7720 0.0337
3.7740 0.0275
3.7760 0.0225
3.7780 0.0184
3.7800 0.0151
3.7820 0.0123
3.7840 0.0101
3.7860 0.0082
3.7880 0.0067
3.7900 0.0055
3.7920 0.0045
3.7940 0.0037
3.7960 0.0030
3.7980 0.0025
3.8000 0.0020
3.8020 0.0017
3.8040 0.0014
3.8060 0.0011
3.8080 0.0009
3.8100 0.0007
3.8120 0.0006
3.8140 0.0005
3.8160 0.0004
3.8180 0.0003
3.8200 0.0003
3.8220 0.0002
3.8240 0.0002
3.8260 0.0001
3.8280 0.0001
3.8300 0.0001
3.8320 0.0001
3.8340 0.0001
3.8360 0.0001
3.8380 0.0000
3.8400 0.0000
3.8420 0.0000
3.8440 0.0000
3.8460 0.0000
3.8480 0.0000
3.8500 0.0000
3.8520 0.0000
3.8540 0.0000
3.8560 0.0000
3.8580 0.0000
3.8600 0.0000
3.8620 0.0000
3.8640 0.0000
3.8660 0.0000
3.8680 0.0000
3.8700 0.0000
3.8720 0.0000
3.8740 0.0000
3.8760 0.0000
3.8780 0.0000
3.8800 0.0000
3.8820 0.0000
3.8840 0.0000
3.8860 0.0000
3.8880 0.0000
3.8900 0.0000
3.8920 0.0000
3.8940 0.0000
3.8960 0.0000
3.8980 0.0000
3.9000 0.0000
3.9020 0.0000
3.9040 0.0000
3.9060 0.0000
3.9080 0.0000
3.9100 0.0000
3.9120 0.0000
3.9140 0.0000
3.9160 0.0000
3.9180 0.0000
3.9200 0.0000
3.9220 0.0000
3.9240 0.0000
3.9260 0.0000
3.9280 0.0000
3.9300 0.0000
3.9320 0.0000
3.9340 0.0000
3.9360 0.0000
3.9380 0.0000
3.9400 0.0000
3.9420 0.0000
3.9440 0.0000
3.9460 0.0001
3.9480 0.0001
3.9500 0.0001
3.9520 0.0001
3.9540 0.0001
3.9560 0.0001
3.9580 0.0001
3.9600 0.0001
3.9620 0.0001
3.9640 0.0001
3.9660 0.0001
3.9680 0.0001
3.9700 0.0001
3.9720 0.0001
3.9740 0.0001
3.9760 0.0001
3.9780 0.0001
3.9800 0.0001
3.9820 0.0001
3.9840 0.0001
3.9860 0.0001
3.9880 0.0001
3.9900 0.0001
3.9920 0.0002
3.9940 0.0002
3.9960 0.0002
3.9980 0.0002
4.0000 0.0002
