0.0000 0.0012
0.0020 0.0289
0.0040 0.0715
0.0060 0.1561
0.0080 0.2913
0.0100 0.4189
0.0120 0.5246
0.0140 0.6111
0.0160 0.6819
0.0180 0.7399
0.0200 0.7872
0.0220 0.8260
0.0240 0.8577
0.0260 0.8836
0.0280 0.9048
0.0300 0.9221
0.0320 0.9363
0.0340 0.9479
0.0360 0.9574
0.0380 0.9651
0.0400 0.9715
0.0420 0.9767
0.0440 0.9809
0.0460 0.9844
0.0480 0.9872
0.0500 0.9896
0.0520 0.9915
0.0540 0.9930
0.0560 0.9943
0.0580 0.9953
0.0600 0.9962
0.0620 0.9969
0.0640 0.9974
0.0660 0.9979
0.0680 0.9983
0.0700 0.9986
0.0720 0.9989
0.0740 0.9991
0.0760 0.9992
0.0780 0.9994
0.0800 0.9995
0.0820 0.9996
0.0840 0.9997
0.0860 0.9997
0.0880 0.9998
0.0900 0.9998
0.0920 0.9998
0.0940 0.9999
0.0960 0.9999
0.0980 0.9999
0.1000 0.9999
0.1020 0.9999
0.1040 1.0000
0.1060 1.0000
0.1080 1.0000
0.1100 1.0000
0.1120 1.0000
0.1140 1.0000
0.1160 1.0000
0.1180 1.0000
0.1200 1.0000
0.1220 1.0000
0.1240 1.0000
0.1260 1.0000
0.1280 1.0000
0.1300 1.0000
0.1320 1.0000
0.1340 1.0000
0.1360 1.0000
0.1380 1.0000
0.1400 1.0000
0.1420 1.0000
0.1440 1.0000
0.1460 1.0000
0.1480 1.0000
0.1500 1.0000
0.1520 1.0000
0.1540 1.0000
0.1560 1.0000
0.1580 1.0000
0.1600 1.0000
0.1620 1.0000
0.1640 1.0000
0.1660 1.0000
0.1680 1.0000
0.1700 1.0000
0.1720 1.0000
0.1740 1.0000
0.1760 1.0000
0.1780 1.0000
0.1800 1.0000
0.1820 1.0000
0.1840 1.0000
0.1860 1.0000
0.1880 1.0000
0.1900 1.0000
0.1920 1.0000
0.1940 1.0000
0.1960 1.0000
0.1980 1.0000
0.2000 1.0000
0.2020 1.0000
0.2040 1.0000
0.2060 1.0000
0.2080 1.0000
0.2100 1.0000
0.2120 1.0000
0.2140 1.0000
0.2160 1.0000
0.2180 1.0000
0.2200 1.0000
0.2220 1.0000
0.2240 1.0000
0.2260 1.0000
0.2280 1.0000
0.2300 1.0000
0.2320 1.0000
0.2340 1.0000
0.2360 1.0000
0.2380 1.0000
0.2400 1.0000
0.2420 1.0000
0.2440 1.0000
0.2460 1.0000
0.2480 1.0000
0.2500 1.0000
0.2520 1.0000
0.2540 1.0000
0.2560 1.0000
0.2580 1.0000
0.2600 1.0000
0.2620 1.0000
0.2640 1.0000
0.2660 1.0000
0.2680 1.0000
0.2700 1.0000
0.2720 1.0000
0.2740 1.0000
0.2760 1.0000
0.2780 1.0000
0.2800 1.0000
0.2820 1.0000
0.2840 1.0000
0.2860 1.0000
0.2880 1.0000
0.2900 1.0000
0.2920 1.0000
0.2940 1.0000
0.2960 1.0000
0.2980 1.0000
0.3000 1.0000
0.3020 1.0000
0.3040 1.0000
0.3060 1.0000
0.3080 1.0000
0.3100 1.0000
0.3120 1.0000
0.3140 1.0000
0.3160 1.0000
0.3180 1.0000
0.3200 1.0000
0.3220 1.0000
0.3240 1.0000
0.3260 1.0000
0.3280 1.0000
0.3300 1.0000
0.3320 1.0000
0.3340 1.0000
0.3360 1.0000
0.3380 1.0000
0.3400 1.0000
0.3420 1.0000
0.3440 1.0000
0.3460 1.0000
0.3480 1.0000
0.3500 1.0000
0.3520 1.0000
0.3540 1.0000
0.3560 1.0000
0.3580 1.0000
0.3600 1.0000
0.3620 1.0000
0.3640 1.0000
0.3660 1.0000
0.3680 1.0000
0.3700 1.0000
0.3720 1.0000
0.3740 1.0000
0.3760 1.0000
0.3780 1.0000
0.3800 1.0000
0.3820 1.0000
0.3840 1.0000
0.3860 1.0000
0.3880 1.0000
0.3900 1.0000
0.3920 1.0000
0.3940 1.0000
0.3960 1.0000
0.3980 1.0000
0.4000 1.0000
0.4020 1.0000
0.4040 1.0000
0.4060 1.0000
0.4080 1.0000
0.4100 1.0000
0.4120 1.0000
0.4140 1.0000
0.4160 1.0000
0.4180 1.0000
0.4200 1.0000
0.4220 1.0000
0.4240 1.0000
0.4260 1.0000
0.4280 1.0000
0.4300 1.0000
0.4320 1.0000
0.4340 1.0000
0.4360 1.0000
0.4380 1.0000
0.4400 1.0000
0.4420 1.0000
0.4440 1.0000
0.4460 1.0000
0.4480 1.0000
0.4500 1.0000
0.4520 1.0000
0.4540 1.0000
0.4560 1.0000
0.4580 1.0000
0.4600 1.0000
0.4620 1.0000
0.4640 1.0000
0.4660 1.0000
0.4680 1.0000
0.4700 1.0000
0.4720 1.0000
0.4740 1.0000
0.4760 1.0000
0.4780 1.0000
0.4800 1.0000
0.4820 1.0000
0.4840 1.0000
0.4860 1.0000
0.4880 1.0000
0.4900 1.0000
0.4920 1.0000
0.4940 1.0000
0.4960 1.0000
0.4980 1.0000
0.5000 1.0000
0.5020 1.0000
0.5040 1.0000
0.5060 1.0000
0.5080 1.0000
0.5100 1.0000
0.5120 1.0000
0.5140 1.0000
0.5160 1.0000
0.5180 1.0000
0.5200 1.0000
0.5220 1.0000
0.5240 1.0000
0.5260 1.0000
0.5280 1.0000
0.5300 1.0000
0.5320 1.0000
0.5340 1.0000
0.5360 1.0000
0.5380 1.0000
0.5400 1.0000
0.5420 1.0000
0.5440 1.0000
0.5460 1.0000
0.5480 1.0000
0.5500 1.0000
0.5520 1.0000
0.5540 1.0000
0.5560 1.0000
0.5580 1.0000
0.5600 1.0000
0.5620 1.0000
0.5640 1.0000
0.5660 1.0000
0.5680 1.0000
0.5700 1.0000
0.5720 1.0000
0.5740 1.0000
0.5760 1.0000
0.5780 1.0000
0.5800 1.0000
0.5820 1.0000
0.5840 1.0000
0.5860 1.0000
0.5880 1.0000
0.5900 1.0000
0.5920 1.0000
0.5940 1.0000
0.5960 1.0000
0.5980 1.0000
0.6000 1.0000
0.6020 1.0000
0.6040 1.0000
0.6060 1.0000
0.6080 1.0000
0.6100 1.0000
0.6120 1.0000
0.6140 1.0000
0.6160 1.0000
0.6180 1.0000
0.6200 1.0000
0.6220 1.0000
0.6240 1.0000
0.6260 1.0000
0.6280 1.0000
0.6300 1.0000
0.6320 1.0000
0.6340 1.0000
0.6360 1.0000
0.6380 1.0000
0.6400 1.0000
0.6420 1.0000
0.6440 1.0000
0.6460 1.0000
0.6480 1.0000
0.6500 1.0000
0.6520 1.0000
0.6540 1.0000
0.6560 1.0000
0.6580 1.0000
0.6600 1.0000
0.6620 1.0000
0.6640 1.0000
0.6660 1.0000
0.6680 1.0000
0.6700 1.0000
0.6720 1.0000
0.6740 1.0000
0.6760 1.0000
0.6780 1.0000
0.6800 1.0000
0.6820 1.0000
0.6840 1.0000
0.6860 1.0000
0.6880 1.0000
0.6900 1.0000
0.6920 1.0000
0.6940 1.0000
0.6960 1.0000
0.6980 1.0000
0.7000 1.0000
0.7020 1.0000
0.7040 1.0000
0.7060 1.0000
0.7080 1.0000
0.7100 1.0000
0.7120 1.0000
0.7140 1.0000
0.7160 1.0000
0.7180 1.0000
0.7200 1.0000
0.7220 1.0000
0.7240 1.0000
0.7260 1.0000
0.7280 1.0000
0.7300 1.0000
0.7320 1.0000
0.7340 1.0000
0.7360 1.0000
0.7380 1.0000
0.7400 1.0000
0.7420 1.0000
0.7440 1.0000
0.7460 1.0000
0.7480 1.0000
0.7500 1.0000
0.7520 1.0000
0.7540 1.0000
0.7560 1.0000
0.7580 1.0000
0.7600 1.0000
0.7620 1.0000
0.7640 1.0000
0.7660 1.0000
0.7680 1.0000
0.7700 1.0000
0.7720 1.0000
0.7740 1.0000
0.7760 1.0000
0.7780 1.0000
0.7800 1.0000
0.7820 1.0000
0.7840 1.0000
0.7860 1.0000
0.7880 1.0000
0.7900 1.0000
0.7920 1.0000
0.7940 1.0000
0.7960 1.0000
0.7980 1.0000
0.8000 1.0000
0.8020 1.0000
0.8040 1.0000
0.8060 1.0000
0.8080 1.0000
0.8100 1.0000
0.8120 1.0000
0.8140 1.0000
0.8160 1.0000
0.8180 1.0000
0.8200 1.0000
0.8220 1.0000
0.8240 1.0000
0.8260 1.0000
0.8280 1.0000
0.8300 1.0000
0.8320 1.0000
0.8340 1.0000
0.8360 1.0000
0.8380 1.0000
0.8400 1.0000
0.8420 1.0000
0.8440 1.0000
0.8460 1.0000
0.8480 1.0000
0.8500 1.0000
0.8520 1.0000
0.8540 1.0000
0.8560 1.0000
0.8580 1.0000
0.8600 1.0000
0.8620 1.0000
0.8640 1.0000
0.8660 1.0000
0.8680 1.0000
0.8700 1.0000
0.8720 1.0000
0.8740 1.0000
0.8760 1.0000
0.8780 1.0000
0.8800 1.0000
0.8820 1.0000
0.8840 1.0000
0.8860 1.0000
0.8880 1.0000
0.8900 1.0000
0.8920 1.0000
0.8940 1.0000
0.8960 1.0000
0.8980 1.0000
0.9000 1.0000
0.9020 1.0000
0.9040 1.0000
0.9060 1.0000
0.9080 1.0000
0.9100 1.0000
0.9120 1.0000
0.9140 1.0000
0.9160 1.0000
0.9180 1.0000
0.9200 1.0000
0.9220 1.0000
0.9240 1.0000
0.9260 1.0000
0.9280 1.0000
0.9300 1.0000
0.9320 1.0000
0.9340 1.0000
0.9360 1.0000
0.9380 1.0000
0.9400 1.0000
0.9420 1.0000
0.9440 1.0000
0.9460 1.0000
0.9480 1.0000
0.9500 1.0000
0.9520 1.0000
0.9540 1.0000
0.9560 1.0000
0.9580 1.0000
0.9600 1.0000
0.9620 1.0000
0.9640 1.0000
0.9660 1.0000
0.9680 1.0000
0.9700 1.0000
0.9720 1.0000
0.9740 1.0000
0.9760 1.0000
0.9780 1.0000
0.9800 1.0000
0.9820 1.0000
0.9840 1.0000
0.9860 1.0000
0.9880 1.0000
0.9900 1.0000
0.9920 1.0000
0.9940 1.0000
0.9960 1.0000
0.9980 1.0000
1.0000 1.0000
1.0020 1.0000
1.0040 1.0000
1.0060 1.0000
1.0080 1.0000
1.0100 1.0000
1.0120 1.0000
1.0140 1.0000
1.0160 1.0000
1.0180 1.0000
1.0200 1.0000
1.0220 1.0000
1.0240 1.0000
1.0260 1.0000
1.0280 1.0000
1.0300 1.0000
1.0320 1.0000
1.0340 1.0000
1.0360 1.0000
1.0380 1.0000
1.0400 1.0000
1.0420 1.0000
1.0440 1.0000
1.0460 1.0000
1.0480 1.0000
1.0500 1.0000
1.0520 1.0000
1.0540 1.0000
1.0560 1.0000
1.0580 1.0000
1.0600 1.0000
1.0620 1.0000
1.0640 1.0000
1.0660 1.0000
1.0680 1.0000
1.0700 1.0000
1.0720 1.0000
1.0740 1.0000
1.0760 1.0000
1.0780 1.0000
1.0800 1.0000
1.0820 1.0000
1.0840 1.0000
1.0860 1.0000
1.0880 1.0000
1.0900 1.0000
1.0920 1.0000
1.0940 1.0000
1.0960 1.0000
1.0980 1.0000
1.1000 1.0000
1.1020 1.0000
1.1040 1.0000
1.1060 1.0000
1.1080 1.0000
1.1100 1.0000
1.1120 1.0000
1.1140 1.0000
1.1160 1.0000
1.1180 1.0000
1.1200 1.0000
1.1220 1.0000
1.1240 1.0000
1.1260 1.0000
1.1280 1.0000
1.1300 1.0000
1.1320 1.0000
1.1340 1.0000
1.1360 1.0000
1.1380 1.0000
1.1400 1.0000
1.1420 1.0000
1.1440 1.0000
1.1460 1.0000
1.1480 1.0000
1.1500 1.0000
1.1520 1.0000
1.1540 1.0000
1.1560 1.0000
1.1580 1.0000
1.1600 1.0000
1.1620 1.0000
1.1640 1.0000
1.1660 1.0000
1.1680 1.0000
1.1700 1.0000
1.1720 1.0000
1.1740 1.0000
1.1760 1.0000
1.1780 1.0000
1.1800 1.0000
1.1820 1.0000
1.1840 1.0000
1.1860 1.0000
1.1880 1.0000
1.1900 1.0000
1.1920 1.0000
1.1940 1.0000
1.1960 1.0000
1.1980 1.0000
1.2000 1.0000
1.2020 1.0000
1.2040 1.0000
1.2060 1.0000
1.2080 1.0000
1.2100 1.0000
1.2120 1.0000
1.2140 1.0000
1.2160 1.0000
1.2180 1.0000
1.2200 1.0000
1.2220 1.0000
1.2240 1.0000
1.2260 1.0000
1.2280 1.0000
1.2300 1.0000
1.2320 1.0000
1.2340 1.0000
1.2360 1.0000
1.2380 1.0000
1.2400 1.0000
1.2420 1.0000
1.2440 1.0000
1.2460 1.0000
1.2480 1.0000
1.2500 1.0000
1.2520 1.0000
1.2540 1.0000
1.2560 1.0000
1.2580 1.0000
1.2600 1.0000
1.2620 1.0000
1.2640 1.0000
1.2660 1.0000
1.2680 1.0000
1.2700 1.0000
1.2720 1.0000
1.2740 1.0000
1.2760 1.0000
1.2780 1.0000
1.2800 1.0000
1.2820 1.0000
1.2840 1.0000
1.2860 1.0000
1.2880 1.0000
1.2900 1.0000
1.2920 1.0000
1.2940 1.0000
1.2960 1.0000
1.2980 1.0000
1.3000 1.0000
1.3020 1.0000
1.3040 1.0000
1.3060 1.0000
1.3080 1.0000
1.3100 1.0000
1.3120 1.0000
1.3140 1.0000
1.3160 1.0000
1.3180 1.0000
1.3200 1.0000
1.3220 1.0000
1.3240 1.0000
1.3260 1.0000
1.3280 1.0000
1.3300 1.0000
1.3320 1.0000
1.3340 1.0000
1.3360 1.0000
1.3380 1.0000
1.3400 1.0000
1.3420 1.0000
1.3440 1.0000
1.3460 1.0000
1.3480 1.0000
1.3500 1.0000
1.3520 1.0000
1.3540 1.0000
1.3560 1.0000
1.3580 1.0000
1.3600 1.0000
1.3620 1.0000
1.3640 1.0000
1.3660 1.0000
1.3680 1.0000
1.3700 1.0000
1.3720 1.0000
1.3740 1.0000
1.3760 1.0000
1.3780 1.0000
1.3800 1.0000
1.3820 1.0000
1.3840 1.0000
1.3860 1.0000
1.3880 1.0000
1.3900 1.0000
1.3920 1.0000
1.3940 1.0000
1.3960 1.0000
1.3980 1.0000
1.4000 1.0000
1.4020 1.0000
1.4040 1.0000
1.4060 1.0000
1.4080 1.0000
1.4100 1.0000
1.4120 1.0000
1.4140 1.0000
1.4160 1.0000
1.4180 1.0000
1.4200 1.0000
1.4220 1.0000
1.4240 1.0000
1.4260 1.0000
1.4280 1.0000
1.4300 1.0000
1.4320 1.0000
1.4340 1.0000
1.4360 1.0000
1.4380 1.0000
1.4400 1.0000
1.4420 1.0000
1.4440 1.0000
1.4460 1.0000
1.4480 1.0000
1.4500 1.0000
1.4520 1.0000
1.4540 1.0000
1.4560 1.0000
1.4580 1.0000
1.4600 1.0000
1.4620 1.0000
1.4640 1.0000
1.4660 1.0000
1.4680 1.0000
1.4700 1.0000
1.4720 1.0000
1.4740 1.0000
1.4760 1.0000
1.4780 1.0000
1.4800 1.0000
1.4820 1.0000
1.4840 1.0000
1.4860 1.0000
1.4880 1.0000
1.4900 1.0000
1.4920 1.0000
1.4940 1.0000
1.4960 1.0000
1.4980 1.0000
1.5000 1.0000
1.5020 1.0000
1.5040 1.0000
1.5060 1.0000
1.5080 1.0000
1.5100 1.0000
1.5120 1.0000
1.5140 1.0000
1.5160 1.0000
1.5180 1.0000
1.5200 1.0000
1.5220 1.0000
1.5240 1.0000
1.5260 1.0000
1.5280 1.0000
1.5300 1.0000
1.5320 1.0000
1.5340 1.0000
1.5360 1.0000
1.5380 1.0000
1.5400 1.0000
1.5420 1.0000
1.5440 1.0000
1.5460 1.0000
1.5480 1.0000
1.5500 1.0000
1.5520 1.0000
1.5540 1.0000
1.5560 1.0000
1.5580 1.0000
1.5600 1.0000
1.5620 1.0000
1.5640 1.0000
1.5660 1.0000
1.5680 1.0000
1.5700 1.0000
1.5720 1.0000
1.5740 1.0000
1.5760 1.0000
1.5780 1.0000
1.5800 1.0000
1.5820 1.0000
1.5840 1.0000
1.5860 1.0000
1.5880 1.0000
1.5900 1.0000
1.5920 1.0000
1.5940 1.0000
1.5960 1.0000
1.5980 1.0000
1.6000 1.0000
1.6020 1.0000
1.6040 1.0000
1.6060 1.0000
1.6080 1.0000
1.6100 1.0000
1.6120 1.0000
1.6140 1.0000
1.6160 1.0000
1.6180 1.0000
1.6200 1.0000
1.6220 1.0000
1.6240 1.0000
1.6260 1.0000
1.6280 1.0000
1.6300 1.0000
1.6320 1.0000
1.6340 1.0000
1.6360 1.0000
1.6380 1.0000
1.6400 1.0000
1.6420 1.0000
1.6440 1.0000
1.6460 1.0000
1.6480 1.0000
1.6500 1.0000
1.6520 1.0000
1.6540 1.0000
1.6560 1.0000
1.6580 1.0000
1.6600 1.0000
1.6620 1.0000
1.6640 1.0000
1.6660 1.0000
1.6680 1.0000
1.6700 1.0000
1.6720 1.0000
1.6740 1.0000
1.6760 1.0000
1.6780 1.0000
1.6800 1.0000
1.6820 1.0000
1.6840 1.0000
1.6860 1.0000
1.6880 1.0000
1.6900 1.0000
1.6920 1.0000
1.6940 1.0000
1.6960 1.0000
1.6980 1.0000
1.7000 1.0000
1.7020 1.0000
1.7040 1.0000
1.7060 1.0000
1.7080 1.0000
1.7100 1.0000
1.7120 1.0000
1.7140 1.0000
1.7160 1.0000
1.7180 1.0000
1.7200 1.0000
1.7220 1.0000
1.7240 1.0000
1.7260 1.0000
1.7280 1.0000
1.7300 1.0000
1.7320 1.0000
1.7340 1.0000
1.7360 1.0000
1.7380 1.0000
1.7400 1.0000
1.7420 1.0000
1.7440 1.0000
1.7460 1.0000
1.7480 1.0000
1.7500 1.0000
1.7520 1.0000
1.7540 1.0000
1.7560 1.0000
1.7580 1.0000
1.7600 1.0000
1.7620 1.0000
1.7640 1.0000
1.7660 1.0000
1.7680 1.0000
1.7700 1.0000
1.7720 1.0000
1.7740 1.0000
1.7760 1.0000
1.7780 1.0000
1.7800 1.0000
1.7820 1.0000
1.7840 1.0000
1.7860 1.0000
1.7880 1.0000
1.7900 1.0000
1.7920 1.0000
1.7940 1.0000
1.7960 1.0000
1.7980 1.0000
1.8000 1.0000
1.8020 1.0000
1.8040 1.0000
1.8060 1.0000
1.8080 1.0000
1.8100 1.0000
1.8120 1.0000
1.8140 1.0000
1.8160 1.0000
1.8180 1.0000
1.8200 1.0000
1.8220 1.0000
1.8240 1.0000
1.8260 1.0000
1.8280 1.0000
1.8300 1.0000
1.8320 1.0000
1.8340 1.0000
1.8360 1.0000
1.8380 1.0000
1.8400 1.0000
1.8420 1.0000
1.8440 1.0000
1.8460 1.0000
1.8480 1.0000
1.8500 1.0000
1.8520 1.0000
1.8540 1.0000
1.8560 1.0000
1.8580 1.0000
1.8600 1.0000
1.8620 1.0000
1.8640 1.0000
1.8660 1.0000
1.8680 1.0000
1.8700 1.0000
1.8720 1.0000
1.8740 1.0000
1.8760 1.0000
1.8780 1.0000
1.8800 1.0000
1.8820 1.0000
1.8840 1.0000
1.8860 1.0000
1.8880 1.0000
1.8900 1.0000
1.8920 1.0000
1.8940 1.0000
1.8960 1.0000
1.8980 1.0000
1.9000 1.0000
1.9020 1.0000
1.9040 1.0000
1.9060 1.0000
1.9080 1.0000
1.9100 1.0000
1.9120 1.0000
1.9140 1.0000
1.9160 1.0000
1.9180 1.0000
1.9200 1.0000
1.9220 1.0000
1.9240 1.0000
1.9260 1.0000
1.9280 1.0000
1.9300 1.0000
1.9320 1.0000
1.9340 1.0000
1.9360 1.0000
1.9380 1.0000
1.9400 1.0000
1.9420 1.0000
1.9440 1.0000
1.9460 1.0000
1.9480 1.0000
1.9500 1.0000
1.9520 1.0000
1.9540 1.0000
1.9560 1.0000
1.9580 1.0000
1.9600 1.0000
1.9620 1.0000
1.9640 1.0000
1.9660 1.0000
1.9680 1.0000
1.9700 1.0000
1.9720 1.0000
1.9740 1.0000
1.9760 1.0000
1.9780 1.0000
1.9800 1.0000
1.9820 1.0000
1.9840 1.0000
1.9860 1.0000
1.9880 1.0000
1.9900 1.0000
1.9920 1.0000
1.9940 1.0000
1.9960 1.0000
1.9980 1.0000
2.0000 1.0000
2.0020 1.0000
2.0040 1.0000
2.0060 1.0000
2.0080 1.0000
2.0100 1.0000
2.0120 1.0000
2.0140 1.0000
2.0160 1.0000
2.0180 1.0000
2.0200 1.0000
2.0220 1.0000
2.0240 1.0000
2.0260 1.0000
2.0280 1.0000
2.0300 1.0000
2.0320 1.0000
2.0340 1.0000
2.0360 1.0000
2.0380 1.0000
2.0400 1.0000
2.0420 1.0000
2.0440 1.0000
2.0460 1.0000
2.0480 1.0000
2.0500 1.0000
2.0520 1.0000
2.0540 1.0000
2.0560 1.0000
2.0580 1.0000
2.0600 1.0000
2.0620 1.0000
2.0640 1.0000
2.0660 1.0000
2.0680 1.0000
2.0700 1.0000
2.0720 1.0000
2.0740 1.0000
2.0760 1.0000
2.0780 1.0000
2.0800 1.0000
2.0820 1.0000
2.0840 1.0000
2.0860 1.0000
2.0880 1.0000
2.0900 1.0000
2.0920 1.0000
2.0940 1.0000
2.0960 1.0000
2.0980 1.0000
2.1000 1.0000
2.1020 1.0000
2.1040 1.0000
2.1060 1.0000
2.1080 1.0000
2.1100 1.0000
2.1120 1.0000
2.1140 1.0000
2.1160 1.0000
2.1180 1.0000
2.1200 1.0000
2.1220 1.0000
2.1240 1.0000
2.1260 1.0000
2.1280 1.0000
2.1300 1.0000
2.1320 1.0000
2.1340 1.0000
2.1360 1.0000
2.1380 1.0000
2.1400 1.0000
2.1420 1.0000
2.1440 1.0000
2.1460 1.0000
2.1480 1.0000
2.1500 1.0000
2.1520 1.0000
2.1540 1.0000
2.1560 1.0000
2.1580 1.0000
2.1600 1.0000
2.1620 1.0000
2.1640 1.0000
2.1660 1.0000
2.1680 1.0000
2.1700 1.0000
2.1720 1.0000
2.1740 1.0000
2.1760 1.0000
2.1780 1.0000
2.1800 1.0000
2.1820 1.0000
2.1840 1.0000
2.1860 1.0000
2.1880 1.0000
2.1900 1.0000
2.1920 1.0000
2.1940 1.0000
2.1960 1.0000
2.1980 1.0000
2.2000 1.0000
2.2020 1.0000
2.2040 1.0000
2.2060 1.0000
2.2080 1.0000
2.2100 1.0000
2.2120 1.0000
2.2140 1.0000
2.2160 1.0000
2.2180 1.0000
2.2200 1.0000
2.2220 1.0000
2.2240 1.0000
2.2260 1.0000
2.2280 1.0000
2.2300 1.0000
2.2320 1.0000
2.2340 1.0000
2.2360 1.0000
2.2380 1.0000
2.2400 1.0000
2.2420 1.0000
2.2440 1.0000
2.2460 1.0000
2.2480 1.0000
2.2500 1.0000
2.2520 1.0000
2.2540 1.0000
2.2560 1.0000
2.2580 1.0000
2.2600 1.0000
2.2620 1.0000
2.2640 1.0000
2.2660 1.0000
2.2680 1.0000
2.2700 1.0000
2.2720 1.0000
2.2740 1.0000
2.2760 1.0000
2.2780 1.0000
2.2800 1.0000
2.2820 1.0000
2.2840 1.0000
2.2860 1.0000
2.2880 1.0000
2.2900 1.0000
2.2920 1.0000
2.2940 1.0000
2.2960 1.0000
2.2980 1.0000
2.3000 1.0000
2.3020 1.0000
2.3040 1.0000
2.3060 1.0000
2.3080 1.0000
2.3100 1.0000
2.3120 1.0000
2.3140 1.0000
2.3160 1.0000
2.3180 1.0000
2.3200 1.0000
2.3220 1.0000
2.3240 1.0000
2.3260 1.0000
2.3280 1.0000
2.3300 1.0000
2.3320 1.0000
2.3340 1.0000
2.3360 1.0000
2.3380 1.0000
2.3400 1.0000
2.3420 1.0000
2.3440 1.0000
2.3460 1.0000
2.3480 1.0000
2.3500 1.0000
2.3520 1.0000
2.3540 1.0000
2.3560 1.0000
2.3580 1.0000
2.3600 1.0000
2.3620 1.0000
2.3640 1.0000
2.3660 1.0000
2.3680 1.0000
2.3700 1.0000
2.3720 1.0000
2.3740 1.0000
2.3760 1.0000
2.3780 1.0000
2.3800 1.0000
2.3820 1.0000
2.3840 1.0000
2.3860 1.0000
2.3880 1.0000
2.3900 1.0000
2.3920 1.0000
2.3940 1.0000
2.3960 1.0000
2.3980 1.0000
2.4000 1.0000
2.4020 1.0000
2.4040 1.0000
2.4060 1.0000
2.4080 1.0000
2.4100 1.0000
2.4120 1.0000
2.4140 1.0000
2.4160 1.0000
2.4180 1.0000
2.4200 1.0000
2.4220 1.0000
2.4240 1.0000
2.4260 1.0000
2.4280 1.0000
2.4300 1.0000
2.4320 1.0000
2.4340 1.0000
2.4360 1.0000
2.4380 1.0000
2.4400 1.0000
2.4420 1.0000
2.4440 1.0000
2.4460 1.0000
2.4480 1.0000
2.4500 1.0000
2.4520 1.0000
2.4540 1.0000
2.4560 1.0000
2.4580 1.0000
2.4600 1.0000
2.4620 1.0000
2.4640 1.0000
2.4660 1.0000
2.4680 1.0000
2.4700 1.0000
2.4720 1.0000
2.4740 1.0000
2.4760 1.0000
2.4780 1.0000
2.4800 1.0000
2.4820 1.0000
2.4840 1.0000
2.4860 1.0000
2.4880 1.0000
2.4900 1.0000
2.4920 1.0000
2.4940 1.0000
2.4960 1.0000
2.4980 1.0000
2.5000 1.0000
2.5020 1.0000
2.5040 1.0000
2.5060 1.0000
2.5080 1.0000
2.5100 1.0000
2.5120 1.0000
2.5140 1.0000
2.5160 1.0000
2.5180 1.0000
2.5200 1.0000
2.5220 1.0000
2.5240 1.0000
2.5260 1.0000
2.5280 1.0000
2.5300 1.0000
2.5320 1.0000
2.5340 1.0000
2.5360 1.0000
2.5380 1.0000
2.5400 1.0000
2.5420 1.0000
2.5440 1.0000
2.5460 1.0000
2.5480 1.0000
2.5500 1.0000
2.5520 1.0000
2.5540 1.0000
2.5560 1.0000
2.5580 1.0000
2.5600 1.0000
2.5620 1.0000
2.5640 1.0000
2.5660 1.0000
2.5680 1.0000
2.5700 1.0000
2.5720 1.0000
2.5740 1.0000
2.5760 1.0000
2.5780 1.0000
2.5800 1.0000
2.5820 1.0000
2.5840 1.0000
2.5860 1.0000
2.5880 1.0000
2.5900 1.0000
2.5920 1.0000
2.5940 1.0000
2.5960 1.0000
2.5980 1.0000
2.6000 1.0000
2.6020 1.0000
2.6040 1.0000
2.6060 1.0000
2.6080 1.0000
2.6100 1.0000
2.6120 1.0000
2.6140 1.0000
2.6160 1.0000
2.6180 1.0000
2.6200 1.0000
2.6220 1.0000
2.6240 1.0000
2.6260 1.0000
2.6280 1.0000
2.6300 1.0000
2.6320 1.0000
2.6340 1.0000
2.6360 1.0000
2.6380 1.0000
2.6400 1.0000
2.6420 1.0000
2.6440 1.0000
2.6460 1.0000
2.6480 1.0000
2.6500 1.0000
2.6520 1.0000
2.6540 1.0000
2.6560 1.0000
2.6580 1.0000
2.6600 1.0000
2.6620 1.0000
2.6640 1.0000
2.6660 1.0000
2.6680 1.0000
2.6700 1.0000
2.6720 1.0000
2.6740 1.0000
2.6760 1.0000
2.6780 1.0000
2.6800 1.0000
2.6820 1.0000
2.6840 1.0000
2.6860 1.0000
2.6880 1.0000
2.6900 1.0000
2.6920 1.0000
2.6940 1.0000
2.6960 1.0000
2.6980 1.0000
2.7000 1.0000
2.7020 1.0000
2.7040 1.0000
2.7060 1.0000
2.7080 1.0000
2.7100 1.0000
2.7120 1.0000
2.7140 1.0000
2.7160 1.0000
2.7180 1.0000
2.7200 1.0000
2.7220 1.0000
2.7240 1.0000
2.7260 1.0000
2.7280 1.0000
2.7300 1.0000
2.7320 1.0000
2.7340 1.0000
2.7360 1.0000
2.7380 1.0000
2.7400 1.0000
2.7420 1.0000
2.7440 1.0000
2.7460 1.0000
2.7480 1.0000
2.7500 1.0000
2.7520 1.0000
2.7540 1.0000
2.7560 1.0000
2.7580 1.0000
2.7600 1.0000
2.7620 1.0000
2.7640 1.0000
2.7660 1.0000
2.7680 1.0000
2.7700 1.0000
2.7720 1.0000
2.7740 1.0000
2.7760 1.0000
2.7780 1.0000
2.7800 1.0000
2.7820 1.0000
2.7840 1.0000
2.7860 1.0000
2.7880 1.0000
2.7900 1.0000
2.7920 1.0000
2.7940 1.0000
2.7960 1.0000
2.7980 1.0000
2.8000 1.0000
2.8020 1.0000
2.8040 1.0000
2.8060 1.0000
2.8080 1.0000
2.8100 1.0000
2.8120 1.0000
2.8140 1.0000
2.8160 1.0000
2.8180 1.0000
2.8200 1.0000
2.8220 1.0000
2.8240 1.0000
2.8260 1.0000
2.8280 1.0000
2.8300 1.0000
2.8320 1.0000
2.8340 1.0000
2.8360 1.0000
2.8380 1.0000
2.8400 1.0000
2.8420 1.0000
2.8440 1.0000
2.8460 1.0000
2.8480 1.0000
2.8500 1.0000
2.8520 1.0000
2.8540 1.0000
2.8560 1.0000
2.8580 1.0000
2.8600 1.0000
2.8620 1.0000
2.8640 1.0000
2.8660 1.0000
2.8680 1.0000
2.8700 1.0000
2.8720 1.0000
2.8740 1.0000
2.8760 1.0000
2.8780 1.0000
2.8800 1.0000
2.8820 1.0000
2.8840 1.0000
2.8860 1.0000
2.8880 1.0000
2.8900 1.0000
2.8920 1.0000
2.8940 1.0000
2.8960 1.0000
2.8980 1.0000
2.9000 1.0000
2.9020 1.0000
2.9040 1.0000
2.9060 1.0000
2.9080 1.0000
2.9100 1.0000
2.9120 1.0000
2.9140 1.0000
2.9160 1.0000
2.9180 1.0000
2.9200 1.0000
2.9220 1.0000
2.9240 1.0000
2.9260 1.0000
2.9280 1.0000
2.9300 1.0000
2.9320 1.0000
2.9340 1.0000
2.9360 1.0000
2.9380 1.0000
2.9400 1.0000
2.9420 1.0000
2.9440 1.0000
2.9460 1.0000
2.9480 1.0000
2.9500 1.0000
2.9520 1.0000
2.9540 1.0000
2.9560 1.0000
2.9580 1.0000
2.9600 1.0000
2.9620 1.0000
2.9640 1.0000
2.9660 1.0000
2.9680 1.0000
2.9700 1.0000
2.9720 1.0000
2.9740 1.0000
2.9760 1.0000
2.9780 1.0000
2.9800 1.0000
2.9820 1.0000
2.9840 1.0000
2.9860 1.0000
2.9880 1.0000
2.9900 1.0000
2.9920 1.0000
2.9940 1.0000
2.9960 1.0000
2.9980 1.0000
3.0000 1.0000
3.0020 1.0000
3.0040 1.0000
3.0060 1.0000
3.0080 1.0000
3.0100 1.0000
3.0120 1.0000
3.0140 1.0000
3.0160 1.0000
3.0180 1.0000
3.0200 1.0000
3.0220 1.0000
3.0240 1.0000
3.0260 1.0000
3.0280 1.0000
3.0300 1.0000
3.0320 1.0000
3.0340 1.0000
3.0360 1.0000
3.0380 1.0000
3.0400 1.0000
3.0420 1.0000
3.0440 1.0000
3.0460 1.0000
3.0480 1.0000
3.0500 1.0000
3.0520 1.0000
3.0540 1.0000
3.0560 1.0000
3.0580 1.0000
3.0600 1.0000
3.0620 1.0000
3.0640 1.0000
3.0660 1.0000
3.0680 1.0000
3.0700 1.0000
3.0720 1.0000
3.0740 1.0000
3.0760 1.0000
3.0780 1.0000
3.0800 1.0000
3.0820 1.0000
3.0840 1.0000
3.0860 1.0000
3.0880 1.0000
3.0900 1.0000
3.0920 1.0000
3.0940 1.0000
3.0960 1.0000
3.0980 1.0000
3.1000 1.0000
3.1020 1.0000
3.1040 1.0000
3.1060 1.0000
3.1080 1.0000
3.1100 1.0000
3.1120 1.0000
3.1140 1.0000
3.1160 1.0000
3.1180 1.0000
3.1200 1.0000
3.1220 1.0000
3.1240 1.0000
3.1260 1.0000
3.1280 1.0000
3.1300 1.0000
3.1320 1.0000
3.1340 1.0000
3.1360 1.0000
3.1380 1.0000
3.1400 1.0000
3.1420 1.0000
3.1440 1.0000
3.1460 1.0000
3.1480 1.0000
3.1500 1.0000
3.1520 1.0000
3.1540 1.0000
3.1560 1.0000
3.1580 1.0000
3.1600 1.0000
3.1620 1.0000
3.1640 1.0000
3.1660 1.0000
3.1680 1.0000
3.1700 1.0000
3.1720 1.0000
3.1740 1.0000
3.1760 1.0000
3.1780 1.0000
3.1800 1.0000
3.1820 1.0000
3.1840 1.0000
3.1860 1.0000
3.1880 1.0000
3.1900 1.0000
3.1920 1.0000
3.1940 1.0000
3.1960 1.0000
3.1980 1.0000
3.2000 1.0000
3.2020 1.0000
3.2040 1.0000
3.2060 1.0000
3.2080 1.0000
3.2100 1.0000
3.2120 1.0000
3.2140 1.0000
3.2160 1.0000
3.2180 1.0000
3.2200 1.0000
3.2220 1.0000
3.2240 1.0000
3.2260 1.0000
3.2280 1.0000
3.2300 1.0000
3.2320 1.0000
3.2340 1.0000
3.2360 1.0000
3.2380 1.0000
3.2400 1.0000
3.2420 1.0000
3.2440 1.0000
3.2460 1.0000
3.2480 1.0000
3.2500 1.0000
3.2520 1.0000
3.2540 1.0000
3.2560 1.0000
3.2580 1.0000
3.2600 1.0000
3.2620 1.0000
3.2640 1.0000
3.2660 1.0000
3.2680 1.0000
3.2700 1.0000
3.2720 1.0000
3.2740 1.0000
3.2760 1.0000
3.2780 1.0000
3.2800 1.0000
3.2820 1.0000
3.2840 1.0000
3.2860 1.0000
3.2880 1.0000
3.2900 1.0000
3.2920 1.0000
3.2940 1.0000
3.2960 1.0000
3.2980 1.0000
3.3000 1.0000
3.3020 1.0000
3.3040 1.0000
3.3060 1.0000
3.3080 1.0000
3.3100 1.0000
3.3120 1.0000
3.3140 1.0000
3.3160 1.0000
3.3180 1.0000
3.3200 1.0000
3.3220 1.0000
3.3240 1.0000
3.3260 1.0000
3.3280 1.0000
3.3300 1.0000
3.3320 1.0000
3.3340 1.0000
3.3360 1.0000
3.3380 1.0000
3.3400 1.0000
3.3420 1.0000
3.3440 1.0000
3.3460 1.0000
3.3480 1.0000
3.3500 1.0000
3.3520 1.0000
3.3540 1.0000
3.3560 1.0000
3.3580 1.0000
3.3600 1.0000
3.3620 1.0000
3.3640 1.0000
3.3660 1.0000
3.3680 1.0000
3.3700 1.0000
3.3720 1.0000
3.3740 1.0000
3.3760 1.0000
3.3780 1.0000
3.3800 1.0000
3.3820 1.0000
3.3840 1.0000
3.3860 1.0000
3.3880 1.0000
3.3900 1.0000
3.3920 1.0000
3.3940 1.0000
3.3960 1.0000
3.3980 1.0000
3.4000 1.0000
3.4020 1.0000
3.4040 1.0000
3.4060 1.0000
3.4080 1.0000
3.4100 1.0000
3.4120 1.0000
3.4140 1.0000
3.4160 1.0000
3.4180 1.0000
3.4200 1.0000
3.4220 1.0000
3.4240 1.0000
3.4260 1.0000
3.4280 1.0000
3.4300 1.0000
3.4320 1.0000
3.4340 1.0000
3.4360 1.0000
3.4380 1.0000
3.4400 1.0000
3.4420 1.0000
3.4440 1.0000
3.4460 1.0000
3.4480 1.0000
3.4500 1.0000
3.4520 1.0000
3.4540 1.0000
3.4560 1.0000
3.4580 1.0000
3.4600 1.0000
3.4620 1.0000
3.4640 1.0000
3.4660 1.0000
3.4680 1.0000
3.4700 1.0000
3.4720 1.0000
3.4740 1.0000
3.4760 1.0000
3.4780 1.0000
3.4800 1.0000
3.4820 1.0000
3.4840 1.0000
3.4860 1.0000
3.4880 1.0000
3.4900 1.0000
3.4920 1.0000
3.4940 1.0000
3.4960 1.0000
3.4980 1.0000
3.5000 1.0000
3.5020 1.0000
3.5040 1.0000
3.5060 1.0000
3.5080 1.0000
3.5100 1.0000
3.5120 1.0000
3.5140 1.0000
3.5160 1.0000
3.5180 1.0000
3.5200 1.0000
3.5220 1.0000
3.5240 1.0000
3.5260 1.0000
3.5280 1.0000
3.5300 1.0000
3.5320 1.0000
3.5340 1.0000
3.5360 1.0000
3.5380 1.0000
3.5400 1.0000
3.5420 1.0000
3.5440 1.0000
3.5460 1.0000
3.5480 1.0000
3.5500 1.0000
3.5520 1.0000
3.5540 1.0000
3.5560 1.0000
3.5580 1.0000
3.5600 1.0000
3.5620 1.0000
3.5640 1.0000
3.5660 1.0000
3.5680 1.0000
3.5700 1.0000
3.5720 1.0000
3.5740 1.0000
3.5760 1.0000
3.5780 1.0000
3.5800 1.0000
3.5820 1.0000
3.5840 1.0000
3.5860 1.0000
3.5880 1.0000
3.5900 1.0000
3.5920 1.0000
3.5940 1.0000
3.5960 1.0000
3.5980 1.0000
3.6000 1.0000
3.6020 1.0000
3.6040 1.0000
3.6060 1.0000
3.6080 1.0000
3.6100 1.0000
3.6120 1.0000
3.6140 1.0000
3.6160 1.0000
3.6180 1.0000
3.6200 1.0000
3.6220 1.0000
3.6240 1.0000
3.6260 1.0000
3.6280 1.0000
3.6300 1.0000
3.6320 1.0000
3.6340 1.0000
3.6360 1.0000
3.6380 1.0000
3.6400 1.0000
3.6420 1.0000
3.6440 1.0000
3.6460 1.0000
3.6480 1.0000
3.6500 1.0000
3.6520 1.0000
3.6540 1.0000
3.6560 1.0000
3.6580 1.0000
3.6600 1.0000
3.6620 1.0000
3.6640 1.0000
3.6660 1.0000
3.6680 1.0000
3.6700 1.0000
3.6720 1.0000
3.6740 1.0000
3.6760 1.0000
3.6780 1.0000
3.6800 1.0000
3.6820 1.0000
3.6840 1.0000
3.6860 1.0000
3.6880 1.0000
3.6900 1.0000
3.6920 1.0000
3.6940 1.0000
3.6960 1.0000
3.6980 1.0000
3.7000 1.0000
3.7020 1.0000
3.7040 1.0000
3.7060 1.0000
3.7080 1.0000
3.7100 1.0000
3.7120 1.0000
3.7140 1.0000
3.7160 1.0000
3.7180 1.0000
3.7200 1.0000
3.7220 1.0000
3.7240 1.0000
3.7260 1.0000
3.7280 1.0000
3.7300 1.0000
3.7320 1.0000
3.7340 1.0000
3.7360 1.0000
3.7380 1.0000
3.7400 1.0000
3.7420 1.0000
3.7440 1.0000
3.7460 1.0000
3.7480 1.0000
3.7500 1.0000
3.7520 1.0000
3.7540 1.0000
3.7560 1.0000
3.7580 1.0000
3.7600 1.0000
3.7620 1.0000
3.7640 1.0000
3.7660 1.0000
3.7680 1.0000
3.7700 1.0000
3.7720 1.0000
3.7740 1.0000
3.7760 1.0000
3.7780 1.0000
3.7800 1.0000
3.7820 1.0000
3.7840 1.0000
3.7860 1.0000
3.7880 1.0000
3.7900 1.0000
3.7920 1.0000
3.7940 1.0000
3.7960 1.0000
3.7980 1.0000
3.8000 1.0000
3.8020 1.0000
3.8040 1.0000
3.8060 1.0000
3.8080 1.0000
3.8100 1.0000
3.8120 1.0000
3.8140 1.0000
3.8160 1.0000
3.8180 1.0000
3.8200 1.0000
3.8220 1.0000
3.8240 1.0000
3.8260 1.0000
3.8280 1.0000
3.8300 1.0000
3.8320 1.0000
3.8340 1.0000
3.8360 1.0000
3.8380 1.0000
3.8400 1.0000
3.8420 1.0000
3.8440 1.0000
3.8460 1.0000
3.8480 1.0000
3.8500 1.0000
3.8520 1.0000
3.8540 1.0000
3.8560 1.0000
3.8580 1.0000
3.8600 1.0000
3.8620 1.0000
3.8640 1.0000
3.8660 1.0000
3.8680 1.0000
3.8700 1.0000
3.8720 1.0000
3.8740 1.0000
3.8760 1.0000
3.8780 1.0000
3.8800 1.0000
3.8820 1.0000
3.8840 1.0000
3.8860 1.0000
3.8880 1.0000
3.8900 1.0000
3.8920 1.0000
3.8940 1.0000
3.8960 1.0000
3.8980 1.0000
3.9000 1.0000
3.9020 1.0000
3.9040 1.0000
3.9060 1.0000
3.9080 1.0000
3.9100 1.0000
3.9120 1.0000
3.9140 1.0000
3.9160 1.0000
3.9180 1.0000
3.9200 1.0000
3.9220 1.0000
3.9240 1.0000
3.9260 1.0000
3.9280 1.0000
3.9300 1.0000
3.9320 1.0000
3.9340 1.0000
3.9360 1.0000
3.9380 1.0000
3.9400 1.0000
3.9420 1.0000
3.9440 1.0000
3.9460 1.0000
3.9480 1.0000
3.9500 1.0000
3.9520 1.0000
3.9540 1.0000
3.9560 1.0000
3.9580 1.0000
3.9600 1.0000
3.9620 1.0000
3.9640 1.0000
3.9660 1.0000
3.9680 1.0000
3.9700 1.0000
3.9720 1.0000
3.9740 1.0000
3.9760 1.0000
3.9780 1.0000
3.9800 1.0000
3.9820 1.0000
3.9840 1.0000
3.9860 1.0000
3.9880 1.0000
3.9900 1.0000
3.9920 1.0000
3.9940 1.0000
3.9960 1.0000
3.9980 1.0000
4.0000 1.0000
